% PARTICLE_ATTRIBUTES_CONTROLLERS_NAMES 
% BUNCH_ATTRIBUTE_DOUBLE charge   -1 
% BUNCH_ATTRIBUTE_DOUBLE classical_radius   1.5347e-18 
% BUNCH_ATTRIBUTE_DOUBLE macro_size   589260 
% BUNCH_ATTRIBUTE_DOUBLE mass   0.939294 
%  SYNC_PART_COORDS 0 0 0  x, y, z positions in [m]
%  SYNC_PART_MOMENTUM 0 0 0.61896146309766  px, py, pz momentum component in GeV/c
%  SYNC_PART_X_AXIS 1 0 0  nxx, nxy, pxz - x-axis ort coordinates
%  info only: energy of the synchronous particle [GeV] = 0.1856 
%  info only: momentum of the synchronous particle [GeV/c] = 0.61896146309766 
%  info only: beta=v/c of the synchronous particle = 0.55023981201577 
%  info only: gamma=1/sqrt(1-(v/c)**2) of the synchronous particle = 1.1975952151297 
%  SYNC_PART_TIME 0  time in [sec]
% x[m] px[rad] y[m] py[rad] z[m]  (pz or dE [GeV]) 
-0.0025380779 -0.0016164052 -0.00043880435 0.00016316384 0.0029687038 0.00014934657 
0.0018943652 0.0023916013 6.6606193e-05 4.5139921e-05 -0.0022159892 9.0901779e-05 
0.0028602993 0.0015610452 -0.001503766 0.00047922791 -0.0002031631 0.00024989953 
0.0012847784 0.001760632 0.0021707464 -0.0002629356 0.00012434344 -5.5777699e-06 
-0.0021045556 -0.0013585583 -0.0019364922 0.00068452354 0.0013897481 0.0001217705 
0.00017873706 -0.0009137084 0.0021148193 -0.00027868017 -0.003147067 -6.6408883e-05 
0.0016545137 0.002555342 0.0012496381 -0.00011630633 0.0018971905 -3.6401277e-05 
-0.00061390554 0.00096162156 0.00034513926 -0.00017709418 -0.00024813684 -0.00011317492 
-0.00069841823 -0.0011655675 -0.0022916735 0.00043536033 0.0022698488 -0.00027428172 
0.0012942115 0.0017174492 6.3520681e-05 -9.6861367e-05 -0.0031690551 -6.2809849e-05 
0.00071594288 0.0011346282 0.0010315206 -8.5803195e-05 -0.0031797047 8.2174461e-05 
-0.00052601614 -0.00086162813 -0.00027936549 -3.5691943e-05 0.0015747973 0.00019693713 
-0.00088514829 -0.0009823869 0.0013127543 -0.00027333239 0.0017344144 -8.6111871e-05 
4.8123073e-05 -0.00098128693 0.00047506242 -0.00018534501 -0.0041788409 0.00014546355 
-0.0014532844 -0.00016692859 -0.0031650251 0.00051808773 -0.0027943457 0.00017619625 
0.00050551784 0.00099318987 -0.00076555345 1.6969239e-05 0.0018195858 -5.2536611e-06 
0.0005565397 0.001377733 0.00069877067 -0.00034361487 0.0023083216 -0.00018808726 
0.00063229773 0.0003471987 -0.0018475439 0.00027747836 -7.418312e-06 -0.00025400178 
0.00070283143 0.0007295683 -0.00023835455 0.00025970577 0.0021335062 0.00032103601 
-0.0028134294 -0.0011527102 -8.7605261e-05 5.1953282e-05 0.0016140577 9.3266538e-05 
0.00081580921 0.00017755734 0.00094598042 -0.0001573589 0.0007802025 -2.2783602e-05 
-0.00055069802 -0.00079657426 -0.00048317943 -0.00026715759 0.0024025761 -0.00019915152 
0.0010411245 0.00036458557 0.00029791895 -0.00035543542 0.0043867971 -5.9524924e-05 
-0.00018586221 0.00073479149 -0.0031269301 0.00039032201 -0.002053452 3.6599423e-05 
0.00098050702 0.00057929878 0.001118045 -0.00011952261 -0.0027289697 6.036307e-05 
-0.0016119947 -0.00071968975 0.00044992032 0.00026525269 0.0016080656 0.00022154503 
-0.00061221844 -0.00041649003 -0.00058249592 0.00018643161 0.0051156765 -4.5439418e-05 
-0.00042190221 -0.00098462354 7.44593e-05 -0.00027370091 -0.0029646049 -0.00019668483 
0.0027958693 0.0023523663 -0.0018712268 0.00043336598 0.00064606093 6.7638724e-05 
0.0020623491 0.0016159421 0.0011834795 -0.00058489485 0.00065829418 -2.0295016e-05 
0.0014978114 0.0014745015 0.00048604962 -0.00047620009 -0.00049038878 0.00011896823 
-0.001236639 0.00073781006 0.0014681213 -0.00014089666 -0.00047643037 7.2730449e-05 
0.001756372 0.00064077775 0.0037996179 -0.00073744856 -0.0025015337 0.00012294325 
0.001122445 0.00069927233 0.0048964913 -0.00079817534 0.00048433069 4.0339702e-05 
-0.00015580775 -0.0010971995 0.0016070094 -0.00037264643 -0.0026888397 -0.00020026573 
0.00048078188 1.991434e-05 -0.0017634262 0.00030158672 -0.0044972127 0.0001406686 
0.00074281225 0.00048285921 0.0024593271 -0.00032598577 0.0044277662 -0.00020549653 
0.0013191822 0.00063594861 0.0023389631 3.9623368e-06 0.00036176948 5.1717749e-05 
0.00073433322 0.00029137581 0.0015690192 -0.00013688157 6.7561236e-05 -0.00019558912 
-0.0011393304 -0.0018063531 0.0024132461 -0.00071688621 0.0029518479 -7.1893339e-05 
-0.00029258982 0.00031512529 -0.00053446491 0.00038918887 0.00071364047 0.00010275183 
0.0012545617 0.00096732936 -0.00019158764 -0.00020056547 0.0047852697 2.4707355e-05 
0.0025036561 0.0019633828 0.0011191991 -0.00052244004 -0.00074385385 0.00017630089 
-0.0022631666 -0.0014324335 -0.00142658 0.00013449028 0.0034311792 3.2021351e-05 
-0.00099521143 -0.0010372488 0.0029812771 -0.00044377939 -0.00010714778 9.7297307e-05 
0.0014601434 0.0013968222 -0.0032101934 0.0007347107 -0.001152464 2.8600298e-05 
-0.00060623961 -0.00042384944 -0.0030965481 0.00045399138 -0.0014434931 0.00025602001 
-0.0014125172 0.00028091503 -0.0017443188 0.00010272873 -0.00050201751 -3.8241999e-05 
0.00013040408 0.0014102 0.0023331675 -0.00040903672 0.001973955 0.00020892708 
-0.0004461726 0.0010610059 0.0018823164 -0.00010667562 0.0026528097 -7.445703e-05 
0.0011484373 0.000653162 0.0012478205 7.0036296e-05 0.00047767199 -6.1721696e-05 
-0.0012909715 0.00028574708 0.00048159675 4.2950041e-05 -0.0003601795 5.0690005e-06 
0.0015202476 0.00075524471 -0.0026671296 0.00073769273 -0.000415073 6.261359e-05 
-0.0021178871 -0.0013873508 0.0026367269 -0.00061682766 0.0021460701 -0.00018259231 
0.0021117562 0.00032471829 0.00097843254 -9.1844405e-05 -0.0031696917 7.4147963e-06 
-0.0001583602 4.9908503e-05 -0.0026820566 0.00039313307 0.00041889526 -0.00019689245 
0.0016585964 0.0003627271 0.0027375722 -0.0003946809 -0.0031470715 0.00012842871 
-0.00078539276 -0.00060108545 0.0021604982 -0.00057598766 0.0040338469 -9.4146785e-05 
-0.0012943298 -0.00023715792 0.00091635691 -0.00028637908 -0.00028638614 8.5259152e-05 
-0.00042064916 -0.00098898556 -0.00036741344 -0.00018278238 -0.0038388355 8.3165475e-05 
-0.0017848349 -0.0012048808 0.0014100684 -0.00016075905 -0.0043997969 0.00010309446 
-0.0016989864 -0.00085755361 -0.0038840085 0.00059087651 0.0028305339 -3.0224182e-05 
0.0017023258 0.00090736827 0.0045239442 -0.00080452184 0.00091344831 -7.464365e-05 
-0.00088140547 -0.0020193248 -0.0014152274 0.00028200149 0.00089216358 -0.00023367509 
0.00011949076 0.00026771274 -0.0024762194 0.00091195369 0.00097813446 9.1317014e-05 
0.0014913353 0.00087615734 -0.0036117723 0.00077663812 -0.00019803817 -8.0832031e-05 
-0.0036856137 -0.0027050957 0.0014718105 -0.00019134434 -0.00064289605 -0.00012395194 
0.0014621511 0.0015357517 0.0027458485 -0.00043921962 0.002403814 0.00027313296 
-0.0015296468 -0.0007270453 0.00098359091 1.068449e-05 -0.0001390502 -0.00010380838 
0.0020741307 0.00012209637 -0.001027388 -0.00010192681 -0.0015139269 1.7024545e-05 
5.4167389e-05 0.00043867479 0.001336732 0.00011768575 0.00085079476 -0.00032583216 
-0.00071523447 -6.515219e-05 -0.00079302616 0.00022774339 -0.00095217519 -0.0001308326 
0.00074111185 0.00010963993 -0.0017939906 0.00052596221 -0.00086289618 -0.00025355814 
-0.0023085373 -0.0014937302 0.00050721414 0.00025342633 0.0028145653 1.5872189e-05 
-0.0028923343 -0.0022926113 -0.0021092401 0.0002062885 -0.00073898387 -5.0880191e-05 
-0.0015204416 -0.00027929324 -0.0010442559 0.00013665186 0.0012403613 0.00018904161 
-0.00030169251 0.001098711 0.0022341793 -0.00067348067 0.0015751922 -1.1453243e-05 
-0.0021591541 -0.0011494019 0.0026128279 -0.00026889325 0.00074218266 0.00020620823 
0.00021370476 0.0010016189 5.710266e-05 4.0023943e-05 -0.0007848727 0.00042379255 
0.0015665099 0.0012349795 0.001695331 -0.00022786961 0.0018243327 -0.00039070228 
-0.00066444473 0.00014745168 0.0026979486 -0.00077388617 -0.0034321914 -9.2383199e-05 
-0.0022111232 -0.0020001597 0.0024937228 -0.00063286481 -0.0024200709 5.2662326e-05 
-0.00073377856 -0.00056741221 -0.0017064211 6.3369741e-05 0.0040426304 0.00010065136 
0.0025588313 0.00043546923 0.0019112766 -0.00033953225 0.001639531 5.1525911e-05 
0.00035467924 0.0011696678 -0.0016517206 0.00066781054 0.0026042455 -3.7878497e-05 
0.00063109632 0.00061996347 -0.0036828695 0.00071609554 -0.00074302213 0.00023989053 
0.0011998504 0.00090360228 0.0014230989 -0.00019250852 -0.0013416585 -0.00016361694 
-7.4782351e-05 1.6981449e-05 -0.0032896689 0.00082353946 -0.0041687451 -6.189191e-05 
-0.00094104291 -0.00060537768 0.0038518399 -0.00065761761 0.0025005084 0.00012254141 
3.0394713e-05 -0.00047485457 0.00037738509 -0.00016954788 0.00079558742 -0.00019545695 
0.00086417693 -0.00061698102 0.00048585079 -9.1519083e-05 0.00028048358 0.00016587099 
0.00028643151 -0.00052317397 -0.0011543657 0.00058903014 0.0025066184 0.00015001903 
-0.0014544894 -0.0011632693 0.0012827769 -2.8116036e-05 0.0005551754 0.00023938107 
-0.00022316637 -0.00060230066 0.00014794982 -0.00033523109 -0.001402894 5.940434e-05 
0.0020633179 0.00091610721 0.0017817317 -0.00019392999 0.0034209102 -0.0002127372 
-0.00037500606 -0.00042730698 0.0028709454 -0.00043169509 -0.001551412 0.00034823792 
0.00058334902 0.0015602781 -0.00019378321 -0.00021270172 0.0015199266 9.0740025e-07 
0.0010927719 3.998842e-05 -0.0016441107 0.00029029582 0.0050345397 8.3754867e-05 
0.00070832717 0.00017310729 0.0026128916 -0.00045221915 -0.0017071296 -0.00018451 
0.0011353386 0.0020133831 0.0022920204 -0.00047368116 -3.8885137e-05 0.00012325755 
0.0024275249 0.0023754407 0.0010520945 -4.5026944e-05 -0.0015715573 -9.8305602e-05 
0.0010623597 0.00040682791 0.0024513279 -0.00032556583 -0.0017578337 -0.0002086476 
0.0017668021 0.0011925145 0.0032325478 -0.00086960251 -0.0020911161 5.7776216e-05 
-0.0031153983 -0.0016490968 -0.001568988 0.00035570905 0.0010474236 0.00015113627 
-0.0017821595 -0.0019595816 -0.00063443178 0.00048800918 -0.0017423814 -5.3110433e-05 
0.0029576556 0.0020629701 0.00058924357 -0.00010902974 -0.0034509751 -0.00014533575 
-0.00079475788 9.8781164e-05 0.00065489325 2.7337298e-05 0.0031187043 0.00029404013 
-0.00072608105 0.0012561233 -0.0013002701 0.00020490995 0.00050853375 0.00012608871 
8.4514027e-05 0.00073783505 0.0001774188 7.3667398e-05 -0.0051697561 1.394705e-05 
0.00071509935 0.0010284322 0.0044481956 -0.00084767778 0.0010533819 0.000208602 
0.0023343132 0.0013314402 0.00055927882 -0.00042181857 0.0014919502 -0.00026042585 
-0.0014385051 -0.0010992638 -0.0028358803 0.00079220022 -0.0025012935 -0.00012960102 
0.001090255 0.0013351185 0.0041232788 -0.00077262412 0.00061484379 9.6586019e-05 
0.0017336063 0.0015198677 0.0013486365 -0.0004781175 0.00097009009 -0.00035833766 
0.0028527159 0.0014361221 0.0016198853 -0.00041535235 -0.0018658586 0.00018498422 
0.0016514689 0.00034739956 0.0014855488 -4.397316e-05 -0.0011336821 2.2910562e-05 
0.00019405919 -0.00084086386 -0.0002430715 6.2017418e-05 0.00067329548 -0.00019316891 
-0.0011349429 -0.00083386974 -0.0024710677 0.00030884607 -0.00194504 -6.3202107e-08 
0.0016695603 0.00083869717 -0.00068914064 0.00012926903 0.00163489 0.00036401657 
0.0017449081 0.0010875106 -0.0024287386 0.00064828068 -0.0028342376 2.1796012e-05 
-0.001000914 0.00016846526 0.00018325773 0.00041031458 0.0021123935 -8.4740194e-05 
0.00085365719 0.00061249889 0.00038648495 6.1428184e-05 -0.0015786181 0.0002847336 
-0.0008891366 0.00026187402 -0.0013402132 -6.8254715e-05 0.0014546633 -0.00014899334 
0.0007654958 0.00095550648 0.00055920449 1.9365558e-05 -6.73246e-06 -0.00033205225 
-0.0015301451 -0.00081138895 -0.003493989 0.0010056259 0.0016093302 5.2665025e-06 
-0.0014790142 -0.00051679704 0.004676 -0.00085938988 0.001355143 -0.00014146086 
-0.0018008538 -0.00078397724 -4.6828308e-05 -0.00014433526 0.001449259 0.00032774081 
0.0016253934 0.00071826378 0.0018239094 -0.00055155162 0.0031136409 -7.7699941e-05 
-0.0018957142 -0.0017007338 0.0034376171 -0.00055673281 0.0019867811 -0.00010629413 
-0.00026363708 3.7192724e-05 -0.0017164007 0.00058312176 -0.00140589 -0.00016201506 
0.00022601949 0.0010222653 0.00093297493 4.1849929e-05 0.0045930247 -2.5171831e-05 
-0.0017985953 -0.00019113612 0.00085956552 -0.00045339086 -0.0028026077 -6.7614723e-05 
0.0009003644 0.00041692342 0.0012804224 0.00020771975 -0.0031026019 7.6081295e-06 
-0.00082855469 -0.0016565443 0.002562659 -0.00059412902 0.0023009384 -0.00014266303 
0.00078990185 0.00071589448 0.0018769283 -0.00072775046 -0.0028183664 0.0001408518 
0.0019324005 0.00083113046 -0.001811958 0.00050986821 0.00095401871 0.00025150132 
0.001867516 0.00077930028 0.0011902774 -0.00013498248 -0.0047535954 -9.6377376e-05 
0.00021077043 0.0005736689 -0.0043466788 0.00081241495 0.0016635623 0.00017090548 
0.00097292567 0.0020129916 -0.0019312915 0.00033817287 -0.0034231331 7.8683081e-05 
0.00036990086 0.00074061101 -0.00080805224 0.00033810775 -0.0013552904 3.3599578e-06 
-0.0020490995 -0.0022559983 -0.00020739344 0.00014001035 -0.00048928137 2.0347377e-05 
-0.0018061472 -0.0013632891 -0.0027444426 0.00053835752 0.0023396791 0.00027730039 
-0.0010112726 -0.00013224395 0.0025366536 -0.00073392605 -0.0010326355 -8.1508048e-05 
0.0011311434 0.0011194052 0.0014395918 -0.00019428742 -0.00060155984 0.0003554679 
0.0009332295 0.0009347465 0.0016353583 -2.4282771e-05 -0.0016593198 -3.382162e-06 
0.00078310372 -0.00018191584 -0.0024055859 0.00059872832 -0.0018812059 -7.5419238e-06 
-0.001873322 -0.00041424207 3.0198097e-05 0.00016081902 -0.0010783706 4.8793682e-05 
-0.00018780432 -0.001364074 0.0025695101 -0.00057530684 -0.00037487224 -0.00019844517 
0.0018742232 0.0016012384 0.00031040598 -9.648464e-05 -0.0017151577 -4.3267023e-05 
-3.5097896e-05 0.0009298284 0.0035746191 -0.00059456723 -0.0020447031 0.00019709298 
0.0021298824 0.00074526758 0.0019241321 -0.00028533385 -0.0010294203 3.7034213e-06 
-0.00047212984 0.0002601848 0.00039357578 -0.00028715858 0.0045816856 0.00015865805 
-0.00073836572 -0.0015146505 -0.0013485417 0.00027153211 0.0032887845 -0.00013717416 
0.00068181053 0.0014103054 -0.00094570384 0.00022428274 0.00036298793 0.00010771193 
-0.0012646802 -0.0015975924 -0.0015111774 0.00046343263 -0.0032676277 -0.00018968579 
0.00028618871 0.00022943224 -0.001657023 -3.8611837e-05 -0.0039047153 -4.2067777e-05 
0.0012768782 0.0014086568 -0.00078327845 -0.0002341594 -0.00076668914 0.0002038258 
-0.0019547231 -0.0019988698 0.0016133378 -0.00029428291 0.0018393018 0.00017062855 
-0.0026844931 -0.0015224842 0.0014561948 -0.00041116275 0.0038419314 4.7010196e-05 
-0.0025122033 -0.0019597268 -0.0020129435 0.00023722859 -0.00011505146 -0.0001895554 
-0.0022536099 -0.00085571797 -0.0021447275 0.0005978962 0.00073947839 -9.1504487e-05 
-0.0014684827 -0.0015001057 -0.0018015105 0.00015519294 -0.0011347479 -0.00016792181 
0.00020673529 -0.00072942062 -0.0010054034 0.00044238595 0.0029142442 -4.0032688e-05 
0.0001328978 -0.00028237868 0.0018739522 -0.00060693273 0.0016697566 -1.595489e-05 
0.0021367444 0.001941672 -0.0016573236 0.00053994184 0.0026480565 -0.00023517517 
2.3670903e-05 -0.00046822306 -0.00045355559 -0.00028318194 0.0010390731 9.2029263e-05 
0.00092754877 -0.00024426045 0.0018733186 -0.00051914009 -0.0015703361 0.00028078146 
-0.0009065005 0.00012318287 0.0039591956 -0.00052725263 -0.0009095052 -9.8320939e-05 
-0.0016085692 -0.0001048381 -0.0012315015 0.00062377285 -0.0015506467 8.1235187e-05 
-0.00203804 -0.00048773044 -0.0024235492 0.00030914655 -0.0025870235 5.1252289e-06 
0.00088553914 0.0011460553 0.00033874671 0.00038042735 -0.0013596267 -0.00019094221 
-0.0013866723 -0.0005676741 0.0019608753 -0.00028412038 0.0017121328 0.00030237711 
-0.0012462236 -0.00069621153 -0.00033724619 0.00030972675 0.0043341806 0.00013929833 
0.00084700565 -0.0005577875 0.0016679022 -0.00029621538 0.0013504001 -0.00035260144 
-1.8549226e-05 -0.0006192888 -0.0036571822 0.00044340754 -0.0027011786 0.00011280264 
0.0015663974 0.0013394804 -0.0021968681 0.00028808344 -0.0019879488 0.00011848431 
0.0017319452 0.0011015439 -0.0019801472 0.00061730556 0.0024932032 0.00023042571 
0.0018160932 0.0013311983 0.0015559227 8.9539149e-05 -0.0020414003 -0.00016607814 
0.0003430243 0.00066521811 -0.00051014104 -0.00022877569 -0.00068591248 -0.00034550359 
0.0013254076 -0.00059180322 -0.0005560305 0.00029966351 0.00083297752 -6.8674887e-05 
-0.0020143009 -0.0014272128 0.0022825953 -0.00050650969 0.00083546079 -0.00012057139 
-0.00052911069 -0.0012959413 0.0029421254 -0.00062169145 0.0033717298 -0.00014849619 
0.00078743639 2.5831778e-05 0.0010640866 3.4679094e-05 0.0012577217 9.0438274e-05 
-0.0019926736 -0.00047094235 -0.00094395572 0.00053230667 0.0023111823 -0.00010869007 
0.00073424526 0.0012842849 -7.5730533e-05 -0.00028738913 0.0018793437 0.00028276827 
-0.00034035355 0.00018857933 0.00043719753 -0.00038814768 -0.0037138902 3.4553304e-05 
0.00063711961 0.0011109921 -0.00088241404 0.00020062227 -0.0007782238 -0.00039211695 
0.0014817756 0.00034345044 0.0030732453 -0.00053781118 -0.0021572712 -0.00025763583 
0.00070476422 -0.0002612142 -0.00139773 0.00012367618 0.0041920367 -0.00027746338 
7.7831653e-05 0.0003892242 -0.00042004954 0.00022956808 -0.0025640571 -0.00030688838 
-0.00010344496 -0.001761161 -0.0014789059 0.00019467414 -0.0025923117 2.448199e-06 
-0.001848864 -0.00030046884 -0.0031436102 0.00064039685 0.0020290921 -0.00010707064 
0.0011419952 -0.00082354498 -0.00025871352 -0.00020465665 -0.0006607356 0.00012215222 
-0.0023767701 -0.0024363556 0.0017176112 -0.00058019066 0.00057716128 -6.4745867e-05 
0.00032552546 -0.00032085917 -0.002448028 0.00032447899 0.0012555356 0.00033114234 
-0.0018712302 -0.0028767813 -0.00022904547 1.0869984e-05 -0.00048295739 4.2885697e-05 
0.00030381945 0.0011374569 -0.0014385905 -0.0001294692 0.0007982496 -1.3846299e-05 
-8.61726e-06 -0.0013242903 0.0016269905 -0.00010295212 0.0010545145 -0.00021186191 
-0.0010825764 -0.00035707045 -7.2310574e-05 -0.00018636879 -0.0046702431 -7.0462863e-05 
0.00029983799 0.0002291576 0.0042074143 -0.0010087997 -0.00092103888 -0.00014924053 
-0.00071873847 -0.0012724864 -0.0018455104 0.00042524282 -0.0021654726 0.00021981321 
-0.00089360079 -0.0016557645 0.0012288337 -0.00020531129 -0.0011988754 0.00036936163 
0.00053540657 0.00046775016 0.00071075707 8.1211397e-05 0.00029337132 -2.0406826e-05 
-0.0022585459 -0.0020082242 0.00039353741 -0.00012629181 0.003038852 -0.00027049868 
0.0011828788 -0.00023219316 -0.00041072708 4.8436682e-06 -0.00024199055 0.00032943979 
0.0030794283 0.0017945894 -0.0023815651 0.00043674292 -0.0016014468 -0.00012561491 
-0.001442807 -0.00070693246 -0.0021648822 0.00081005696 0.0022513948 -5.5168656e-05 
-0.0006080496 -0.0010763137 0.00098097841 -0.00022280578 0.0046035622 -0.00013784638 
0.00049473452 -0.0003216427 0.0041323792 -0.000618956 0.00048619675 -9.5010451e-05 
-0.00023677406 0.00020352652 0.0036997348 -0.0010366851 0.00015765524 -6.6614895e-05 
-0.0013501349 -0.00067575803 0.00403537 -0.00082901527 0.00076814273 0.00022622444 
-0.00095707491 -0.0015324513 -0.0028536571 0.00066846199 0.0036578076 0.00010879608 
3.6134095e-05 0.0003894527 0.0017375486 -0.00059302573 -0.00054833491 -0.00025637057 
-0.00060042706 -8.9456781e-05 -0.00097940081 0.00055438986 -0.0013720209 -0.00018389461 
0.00068336241 -5.1363901e-05 -0.0027015466 0.00068379626 -0.0019159758 0.00011467396 
-0.0010052319 -0.0003041251 -0.0013035191 0.00028546973 -0.0042643193 -4.0837888e-05 
0.00038002025 0.0012030727 0.0023605625 -0.00066544249 -0.0013594844 0.00018848226 
0.00039612309 0.00046791698 -0.0013923811 -8.5775687e-05 -0.0022631857 -0.0002733962 
0.0020430196 0.0017947737 -0.00028364663 1.7890423e-05 -0.0040716506 7.6115903e-05 
0.0013089063 0.0015533478 0.0019342815 3.2973379e-05 -5.7161044e-05 -0.00018313399 
0.0018902791 0.0012518683 -0.0032293154 0.00039099489 0.00181452 -0.00020016896 
0.00022838947 -0.00074000161 0.00036170187 0.00013915902 0.0045910497 0.00013099334 
0.0010276437 -0.00039549254 0.0018443754 -0.00038790688 -0.0016678704 0.00012579064 
3.7481744e-05 0.0015060871 -0.0018646405 0.0002392079 -0.0027207113 7.629137e-05 
-0.0002824059 -0.00071225645 -0.0028847659 0.00055203922 0.0014858109 0.00026717995 
0.00015338236 0.001244957 0.0013980795 -0.00032315839 -0.0013824126 -7.2037741e-06 
0.0012963356 0.00051054782 0.00031296201 4.5663797e-05 0.00014235777 0.00037730632 
0.00051491839 0.0012088343 -0.0012926911 0.00015170912 9.8130915e-05 -0.00023843267 
-0.0022095744 -0.0021354963 -0.001629365 -1.4048568e-05 -0.0024225481 6.2871013e-05 
-0.0027842951 -0.0018024382 -0.0014390249 0.00042429379 7.7116932e-05 -0.00026926251 
-0.0014742833 -0.00087481258 0.00058153078 -0.0002621203 0.0046662903 -0.00026582677 
-0.0029473499 -0.0022835317 0.00066318379 0.00012662627 -0.0014776131 -0.00013426964 
-0.0023421024 -0.0018917631 -0.002522884 0.00042280378 -0.0015542771 -8.0920909e-05 
0.00010387654 -0.00015233088 -0.0037387798 0.00099292669 -0.00027944353 7.9008474e-05 
-0.0005625175 -0.00075252952 -0.00092082753 -0.00026746641 -0.00085089016 -0.00022557871 
0.000434331 0.0011106352 0.0033936682 -0.0007599285 0.0038729259 -8.0505645e-05 
-0.0010852934 -0.00024240995 0.0036472256 -0.00061052718 -0.00018932017 0.00031014471 
-0.0011308046 -0.001110432 -0.00058245703 0.00043953938 -0.0016826652 0.00019385052 
0.00027676791 0.0015780432 -0.0012369174 -7.3028601e-06 -0.0001433147 -0.00023196102 
0.0010507135 0.00075088543 0.0027582012 -0.00067596785 -0.0024367531 0.00032195524 
0.0016648538 0.00042101403 0.00034234102 -0.00034266532 0.0026030805 8.0437641e-05 
-0.003269565 -0.0020074522 -0.0026346379 0.000410836 0.00071772867 0.00013437902 
0.00030140351 0.00028993204 -0.0048296704 0.0010106927 -0.0025180875 0.00012200822 
-0.0006451198 0.00052098716 0.00094676738 -0.0002132743 -0.0048509646 -0.00010571126 
0.0025259306 0.0017905746 -0.00064445804 0.00019544336 -0.0012094755 0.00019502647 
-6.7345314e-05 0.0015695728 0.00081338398 -0.00010786588 0.0011549765 -0.00013808333 
-0.00040044532 0.00048901172 -0.00088140831 0.00012256607 -0.0032621293 -0.00030699081 
0.00024039392 0.00097973547 -0.00034740869 0.00015085806 -0.0020127292 0.00020516821 
-0.0013753183 -0.00054808983 0.0035003049 -0.0009375687 2.0479865e-05 0.00010069988 
0.0020891616 0.0020624727 0.001110573 3.981079e-05 0.00054364475 -0.0001886335 
0.0030056855 0.0016585372 -0.00064369089 6.0608965e-05 -0.001674364 0.00019066156 
-0.001606708 -0.00088742978 -0.0030786225 0.00032590052 0.001324956 -0.00019837772 
-0.00021298102 0.00072903611 0.0030055868 -0.00052529476 -0.0034623218 5.3184017e-05 
0.00058206382 -0.00014676393 0.0019754599 6.7094948e-05 -0.0006962365 0.00014137898 
5.5391279e-05 0.00027697814 -0.0028994215 0.00042895167 5.096198e-05 -9.4582164e-05 
-0.0012242349 -0.0017631091 0.0023850382 -0.00046174469 0.00060061742 -0.0001748454 
-0.001762237 -0.0018478402 -0.00013605177 -0.00028104534 0.00070859455 -9.0081069e-05 
0.0017215273 0.0013440308 -0.00088829287 0.0004158431 0.0011130247 -0.00027621993 
0.001917839 0.00064604715 -1.2798209e-05 -0.00018536535 0.00024231338 -3.5277794e-06 
0.0010167958 0.0011869237 0.0035165303 -0.00077088843 -0.0025907689 -0.00014691732 
-0.00091015542 -0.0018988916 -0.0019733695 0.00055903203 -0.0024580193 0.00016561673 
0.0015984429 0.00068878755 -0.00051535017 0.00016906704 -0.0022296944 -6.3112728e-05 
-0.0018650451 -0.0016649172 0.00053425968 4.9673642e-06 -0.0017362122 -0.00013026985 
0.00021608387 0.00081814238 -0.001714856 0.00041853927 0.00031831897 -0.00040785469 
0.0015124504 -0.00016291529 0.00049381328 0.00021151332 0.00051886938 0.00022577734 
0.0020115292 0.0013257723 0.0021468915 -0.00023545632 0.0013102927 -0.00019776002 
-0.00067524929 -0.00064861262 0.00026806072 -0.00011009817 0.0012014576 -1.0185975e-05 
0.0025880365 0.0018950777 -0.00080435118 -6.021245e-05 -0.00044712012 0.0001162501 
-0.0028229823 -0.0018303715 -0.00073143704 0.00019548566 0.0011868473 0.00024538998 
-6.7129387e-05 0.00024809859 0.0018198653 -0.0001949242 -0.00071378687 0.00017982298 
0.0012834155 0.00035207691 0.0027131579 -0.00081266417 -0.0026243963 4.8200357e-05 
0.0016889415 0.0016039621 -0.0013686395 0.00036457083 -0.0018119914 -1.2223792e-05 
-0.0016491549 -0.0011393073 0.0015762593 2.3558408e-06 -0.0014357356 -0.00015231991 
-0.0010441005 -0.00034037633 -0.00053273447 -0.00034353381 -0.0010550377 -0.00020595798 
-0.00268199 -0.0015895541 0.00048593697 -0.00012106885 0.00042882899 -1.0121316e-05 
-4.4020647e-05 0.00021579535 -0.0012420879 0.00061609495 0.00014467776 -1.4425151e-05 
-0.000397067 -0.0007973799 -0.0036889053 0.00075258243 -0.0035667379 7.2216297e-05 
-0.0010507251 -0.0015465819 0.00098556528 -6.7370625e-05 -0.0034366981 8.9927119e-05 
-0.00095774361 -0.0015837919 0.00016205107 0.00021337687 0.0010659369 -0.00013328026 
0.0022580976 0.002314982 -0.001538086 0.00046680574 -0.0029483117 -0.00013178915 
-0.0026840199 -0.0014087208 0.0019880955 -0.00045277432 0.0035029878 -4.9137543e-06 
-0.00052852501 -9.7271028e-05 0.001398767 -0.00035904184 0.0038078179 7.6106835e-05 
0.0003042875 0.000647847 -0.0029136378 0.00048149611 -0.0018955764 -0.00020952203 
-0.0012802967 -0.00010751671 0.001850635 -0.00056859078 0.0011592318 -2.7683939e-05 
-0.0022335921 -0.0023104512 0.0015240269 -0.00017897592 0.0029794134 9.4347896e-06 
0.0021365452 0.002554338 0.00063533092 -0.00018112862 0.00026729799 -0.00023364292 
0.0004861319 -0.00058225636 0.00080751704 0.00026150478 -0.0015526113 8.0469862e-05 
0.0010849705 0.00022195159 0.0029383802 -0.00057118689 -0.0016826485 0.0001882704 
0.00039520872 -0.00022292537 0.00099477944 -0.00016782148 -0.0047288386 0.00013095643 
-0.0018396784 -0.0010236385 -0.003636431 0.00067119453 -0.00059169684 0.00013282774 
0.0021426118 0.0016154376 -0.0019210247 0.00018532605 0.0014094909 0.00012091363 
-0.0029802518 -0.0024554819 -0.0006351653 0.00019435003 -0.001184409 0.00020423693 
-0.0025953867 -0.001719681 0.00088278842 -0.00054569412 -0.0005148035 9.0297072e-05 
0.002382577 0.00087753129 0.0023260225 -0.00073693169 -0.0013799868 -8.9400061e-05 
-0.0019801505 0.00013393309 -0.00024262392 -0.00013348354 -0.0014627742 0.00013786656 
0.0012393175 0.0015577699 -0.00081120278 -0.00010856925 0.0012725008 4.4869823e-06 
0.00015154539 -0.00051341769 -0.0017997132 0.00036877633 0.0010801997 -0.00037226623 
-0.0010700977 -0.00092097445 -0.003605628 0.00037547244 0.0020252905 0.00012098513 
0.0013725139 9.9538887e-05 -0.0014444221 0.00038175602 8.9331343e-05 -0.00034018983 
-0.0011602985 -0.0020271285 0.0004818258 -6.4567545e-05 -0.0012974734 0.00026166499 
-0.00085540541 0.00036512033 -0.0016125106 0.00025668243 -0.0030486065 0.00029928714 
0.0013075917 0.00067934114 -0.0026098684 0.00016873766 -0.0028565929 0.00011659536 
-0.0010630707 -0.0022660602 0.00020362879 4.269876e-05 -0.0017703125 0.00010782714 
0.0014881181 0.0013999858 0.0013531311 -8.392599e-05 0.00023826899 0.00026157509 
-1.5549795e-05 0.00076869546 0.00081640782 -0.00025150548 -0.0023806194 -0.00033324 
0.002166105 0.0023426212 -0.00044882883 -3.2741585e-05 0.0001720385 2.4670786e-05 
0.001557922 -0.00010518052 0.0031636452 -0.00079788249 0.001370842 -4.5229738e-05 
-0.0015136298 -0.0021787997 -0.0024240404 0.00061617861 0.001162103 0.00016303868 
-0.00032740855 1.2186535e-05 -0.00056302832 0.00034273851 0.0035821843 0.00022579031 
0.00011781877 -0.00092731371 0.0018645861 -0.00057700391 -0.0027868054 9.9041976e-05 
-0.00144589 -0.00093596261 -0.0045528635 0.00084493527 -0.00049257013 0.00017437096 
0.00037074862 0.00028100363 -0.0017195044 0.00071717875 -0.0013084249 0.00016099616 
0.0006695312 0.0010944178 -0.0043717939 0.001042726 0.0011178549 9.7463271e-05 
0.0012982278 0.0023202516 0.00088892092 -0.00043243844 -0.00069427421 -4.3047665e-05 
0.0014277421 -0.00029493975 0.0014526241 -7.670984e-06 3.4845122e-05 0.00015731847 
-0.00038423015 -0.0001275989 0.00011057491 -0.00041364589 -0.00067412968 8.7975314e-05 
0.002045138 -0.0001144677 0.0012734974 -0.00024726771 -0.00020839537 0.00018377601 
-2.2688115e-05 0.00023384325 -0.0035041605 0.00079168082 -0.0017851568 0.00013423686 
-0.0013117198 -0.0016718506 -0.001884028 0.00065181155 0.00097650374 5.2912357e-05 
0.0012305416 0.0010567185 0.00039466605 -0.00016835109 -0.0050350814 3.6957609e-06 
9.6961916e-05 -0.0012772657 6.753626e-05 -1.119654e-05 -0.0010446099 0.0002745025 
0.00037080194 -0.00036446835 -0.0006772424 0.00047453577 -0.0029061229 1.2931467e-05 
-0.0014184247 -0.0014045298 -0.0012010307 1.1414165e-05 0.00099480925 -5.4820335e-06 
2.4042226e-05 -0.00061973448 -0.00056500216 0.00028151448 0.00095450542 -4.6786386e-05 
0.0013443449 0.0024176455 -0.0015522809 0.00014636334 -0.00086335807 5.5126224e-05 
-0.0016982971 -0.0011614066 0.0016825438 -0.00018764013 0.0029450752 -0.00028515034 
0.00015513287 0.0007872443 -0.0026845333 0.00085184625 0.0027479834 0.00010971377 
-0.00012803905 0.00057005187 0.00013370707 -0.00030844193 0.0029412731 -0.00027155559 
-0.0027171455 -0.0015578248 -0.00035116716 0.00027967238 0.0014505982 8.7836271e-05 
0.00054891127 -0.00031370435 0.0032187016 -0.00063922395 -0.0015299673 1.3488774e-06 
0.002212758 0.0013559836 -0.0025751552 0.00042313464 -0.00022396916 0.00024948365 
-0.0010635876 -0.0005666593 -0.00033304005 -6.3146053e-06 0.0032525238 0.0002147988 
-0.0026010379 -0.0014837475 -0.00042714178 0.00023083802 -0.0021720495 -5.3421606e-05 
-0.00079236965 -0.00044998635 0.0039307631 -0.00064691147 0.0033408597 -1.869094e-06 
-0.0010986209 -0.00071660519 -0.0020172503 0.00056864687 -0.00079796557 0.00013894397 
0.0016844714 0.0015774248 0.001890547 -0.00014026245 -0.0027235398 -4.1957465e-05 
0.00047960565 0.0011038771 -0.0012990095 0.00030336082 -0.0013284349 0.00022925802 
-0.0021439195 -0.0014446843 0.00046687891 -3.3136001e-05 0.0022189692 6.3399614e-05 
0.0015772083 0.0014021765 0.0010805689 -0.0001029834 0.0028395827 -1.5160932e-05 
0.0025753977 0.0013804162 0.00098091777 -0.00015531554 0.0003145236 0.00013924038 
-0.00040900239 0.00048353728 0.0012644128 -0.00043098614 0.0024558365 -0.00023989964 
0.0024717823 0.00063275525 -0.00019709563 0.00020675703 -0.0023955217 -3.5716195e-05 
-0.00040354603 0.00037053404 -0.0015015616 5.049271e-05 0.0032634641 -0.00012679094 
-0.0018813631 -0.0023027403 -0.0016665106 0.0001363597 0.00013887309 -0.00014517507 
0.00022473955 -0.00034802576 0.00048256119 0.00020403454 -0.0026640573 9.5825232e-05 
-0.00038809215 -0.0010483585 0.0016628794 -0.00025558316 0.0024356444 -3.3286741e-05 
-0.0014379635 -0.001190281 -0.0001330772 0.00049852897 0.0010434473 0.00013780809 
-0.0010707809 -4.616676e-05 -0.00040433693 0.00026663479 -0.0043872614 -0.00015425026 
0.0017164306 0.0014332548 0.0036450459 -0.00047113162 0.0014220161 0.00016209496 
0.00075755211 0.00059947012 -0.0023791732 0.00047464078 0.0040668533 -4.1326885e-06 
-0.0028966237 -0.0019511971 0.0020208703 -0.00036798684 0.0029767083 -2.5120601e-05 
0.0010789855 -0.0006825764 0.0016541376 -0.00024615114 0.00050921359 -0.00014680706 
0.0022744364 0.00040203296 0.00045780714 -7.5595105e-06 0.0011275561 -0.00011451698 
-0.0016350588 -0.0016777851 0.00074483026 0.00016094714 -0.0018387411 0.00012695594 
-0.0011964799 -0.00059295786 -0.0026265389 0.00042212666 -0.0045176808 8.1418805e-05 
-0.00028829592 -4.3095019e-05 -0.00089466455 -7.4767837e-05 0.0014717993 0.00029416936 
0.001041625 0.0019510069 0.00088254258 -0.00011961667 -0.0015626748 7.3054535e-05 
8.9879658e-05 -0.0001592214 0.00089371043 -0.00013543213 0.0043258283 3.509645e-05 
0.0012317712 0.00017374747 0.0011428069 -0.00038592887 0.0021181221 -0.00021967316 
0.00053713558 -0.00010804151 -0.0013780245 -6.8855489e-05 -0.0039696723 0.00010220941 
-0.0011845129 0.00033437353 0.00065964109 2.5248501e-05 0.0036577498 -0.00023661145 
0.0020088402 0.0014992874 0.0037299828 -0.00056962774 0.0018645522 8.7412399e-05 
-0.00095791225 -0.00046453246 0.00069718938 -0.00041073625 0.0021464686 -7.3611995e-05 
-0.00028313901 0.0011241977 -0.0022804883 0.00049815743 -0.0023026618 0.00012918813 
-0.001617919 -0.00061183864 0.0024062824 -0.00037270225 -0.00035229067 -0.00026080901 
0.0029368123 0.0014303248 -0.00069616847 -9.0959353e-06 0.0030637637 -8.9722447e-05 
-0.00067985335 -0.0015393613 0.0032257234 -0.00040517004 -0.0016892961 -0.0001516292 
-0.00092961872 -0.0015985674 0.00081286722 -0.00011144222 -0.0003844165 0.0002998532 
-0.00069895971 0.00082293414 -0.0013216592 0.00023876353 -0.0014837309 -0.000123054 
0.0015615492 0.0021917496 0.00093968452 -0.00024082896 0.00064992611 0.00012105565 
-0.0016976918 -0.0024061037 -0.0010157263 0.00032753172 0.0017532139 -0.0001604325 
0.0017767734 0.0012616084 0.0023214758 -0.00080208771 0.00087883376 5.2615558e-05 
-0.00042735601 0.00035514693 0.0015758523 -0.00024116004 -0.0018369287 -0.00022076551 
0.0002512517 0.00066046959 -0.0051479702 0.00094433367 -0.00069855651 -0.00011128486 
-0.0012681862 -0.0013793362 0.00013221033 0.00013787494 0.002656041 0.00033739348 
0.0017305596 0.002178391 -0.00078276798 -0.00014446071 -0.0029979694 -1.2452794e-05 
0.0021898847 0.0010163271 -0.0024639507 0.00076320873 -0.0017050346 -4.1769316e-05 
0.0003354774 9.8274566e-05 -0.00051857214 -0.00039686344 0.0024521802 -5.6370625e-05 
-0.00053840138 -0.00042903561 0.0010546997 -0.00013560143 0.00066700152 -0.00028956978 
-0.00093674929 -0.0017556347 -0.0031288381 0.00037539658 0.00040824665 -5.3434947e-05 
0.0016529952 0.0012925707 0.0035844721 -0.00078479451 0.0013558108 -0.00024996906 
-0.00056098475 0.00061820496 -0.00011708258 -0.00037756142 -0.0019417445 -1.831926e-05 
-0.00010477082 -0.0005163297 0.00061376519 8.7400087e-05 -0.0021898309 0.00012413098 
0.0017196997 0.00074343527 -0.0015491133 0.00049826528 0.002870546 -5.3250813e-05 
0.001565184 0.0018201289 -0.0015766544 -1.2747355e-05 -0.0018982297 7.0811977e-07 
-0.00063656976 -0.00034262276 0.0039645213 -0.00082460887 0.0032206313 -9.6828145e-05 
0.0007557503 0.00084825217 -0.0052188954 0.00094567327 -0.0006682875 -8.7688389e-05 
0.00073842562 -0.00086494132 -0.00079231218 0.00011614589 -0.0022165661 2.291336e-06 
-0.0024030947 -0.0016078912 0.0016631194 -0.00023762447 0.002774473 -0.00019101607 
0.00010836131 -0.00072197115 0.0020780001 2.5901901e-06 0.0020669185 0.00011096347 
-0.00027954276 -0.00072813458 -0.0010915019 8.2589266e-05 0.0017299894 -1.7326569e-06 
0.001233351 -7.1465927e-05 0.00099881466 0.00015674327 0.00044488259 -6.5108829e-05 
-0.00085213766 -0.0018486343 0.00069019477 -6.5701682e-05 0.0009589495 -0.00028753012 
-0.0018974071 -0.00091617259 0.001082689 -0.00044326049 0.00026804093 0.00013365213 
-0.00043371898 -0.00073290482 0.0025239153 -0.00060605468 -0.0050973207 8.3449429e-05 
0.0013240793 0.00046580126 -0.0032942365 0.00087434636 -0.0013315002 -0.00018702628 
0.0010340243 0.00089534833 -9.1810554e-05 -0.00014758218 -0.00070430728 0.00021649056 
0.00077897033 -0.00013031652 -0.00065777896 -0.00021778442 0.0021121082 1.5878044e-06 
-0.0004423555 0.00011740976 0.00044946107 -0.00038383938 0.0027166498 0.00021551485 
-0.00024762981 0.00089335866 0.0012102832 -0.00035076987 -0.001548076 -0.0002872469 
0.0018606129 0.00034664132 0.0010530585 -0.00034537248 0.00065834879 -0.00016194418 
0.0031529729 0.0020690595 0.0026678647 -0.00063224554 -0.0018188953 -8.3556617e-05 
-0.0022052316 -0.0019139381 0.00044288183 -9.9969335e-05 0.0038782436 -0.00013632551 
0.0022644934 0.0023185122 -0.0026646253 0.00071839148 -0.0010354553 -9.7925794e-05 
-0.0016879729 -0.0010510544 0.00076591873 -0.0001352345 0.00038790324 0.00020084026 
0.0009397429 0.0007636089 -0.0028166831 0.00049464462 0.0036146783 4.400308e-05 
0.00075125744 -3.5842722e-05 0.0004777953 -0.00026015796 -0.0013120075 5.9194381e-05 
0.0018049664 0.0020685046 0.000449393 4.0705636e-05 0.0031291459 0.00015370071 
0.00067908838 -0.00012421395 0.0027552054 -0.00071955961 0.00084173171 -0.00027065291 
-0.0017733114 -0.0014944023 0.0017289602 -0.00058726281 -0.0033749005 0.00014790252 
-0.00031991764 0.00037239666 -0.0024048129 0.00075622031 0.00076895107 0.0001832911 
-0.0011088494 -0.0003268744 0.00034504321 -6.2543203e-05 -0.0026706306 -0.00035054381 
-0.00093514427 -0.00023279205 -0.00024900569 -0.00021122723 0.0012737975 -0.00039173324 
-0.0025048569 -0.0010301452 -0.00083390309 0.00043755467 0.0014243345 8.2390209e-06 
-0.0012017958 -0.00092303819 -0.002934568 0.00025281889 0.00039305826 0.00012095572 
-0.00047525305 -0.00090587226 0.0013173031 -0.00029400034 -0.00064318033 5.4755303e-06 
-0.0013560644 0.0007160712 -0.0011114314 0.00040675676 -0.00092883703 -6.2757967e-05 
-0.0020080443 -0.0018090934 -0.00013144768 0.00022453633 -0.0032330171 0.00010994847 
-0.0027537503 -0.0011910497 -0.0021216547 0.00028229269 0.0022020888 1.1610571e-05 
0.0006226175 -0.00060254119 0.00091986435 -0.00028646909 -0.0026223261 5.5973925e-05 
0.00022069715 0.0012505395 -0.00029924655 0.00026262604 0.002775928 -4.1055948e-05 
-0.0032672515 -0.0025498805 0.00232251 -0.00031876027 0.00063457524 3.3744486e-05 
0.0023889684 0.0011264306 -0.00078034009 8.1278081e-05 -0.00033191899 -6.466575e-05 
0.0011190329 -5.6545081e-05 9.6319286e-05 -0.0004228831 0.0018832476 -0.00015629568 
-0.00042553922 0.00074203478 0.0029891473 -0.00029573327 -0.00097149065 -0.00017953231 
0.00035536373 0.0011327918 0.00085514136 -0.00047713007 0.0010227984 4.0163201e-05 
0.0028045434 0.0020090056 -0.00037119441 -0.00011073868 0.00068119469 -3.8762165e-05 
-0.0023983251 -0.00079507236 -0.00089978964 2.4398606e-05 -0.0026878881 4.4216348e-05 
0.0020501388 0.0011519801 -0.0011785799 0.00040239597 -0.0038535015 0.00019304066 
0.001996361 0.0016662117 0.00081287035 -5.8324801e-05 0.00057678806 0.00017731288 
0.0025031742 0.0017844289 -0.00030490328 9.1716051e-05 0.00032407493 -0.00037217335 
0.0021659165 0.00030751356 -0.00022704609 0.0002890851 -0.00029382983 -0.00017354465 
0.00094081158 -0.00037919183 -9.8183821e-07 0.0003462636 0.0019832093 2.5075591e-05 
0.00089300658 -0.00022340353 -0.0015011181 0.00055803768 -0.0018551047 0.00011986741 
0.0013548535 0.0017267967 0.0023083298 -0.00053230685 -0.002498905 0.00028525477 
-0.0019792155 -0.0010128629 0.0032374348 -0.00060421764 -0.00034625609 0.00029255102 
-0.0013517383 -0.0019049043 -0.002074645 0.00024849043 0.00097322996 -0.00023591648 
-0.00094199926 -0.00064949862 0.0016797337 -0.00029194612 -0.0013315365 0.00026856895 
-0.00054490723 -0.00059822858 -6.8799339e-05 0.00022522963 0.0039414577 -0.0002301153 
-0.00029171887 -0.0013856575 -0.00031125001 -0.00012580651 0.0014221798 0.00014332242 
0.00028780701 0.0006713055 0.00352158 -0.00042637768 0.0022290877 7.0464349e-06 
0.0012850031 0.0015742469 0.00049114522 9.4600962e-05 -0.00060320817 0.00015647212 
0.00033606144 0.00031081903 0.0038916318 -0.00063792624 -0.0004358331 -0.00013810796 
-0.0016585147 -0.00097813538 3.7317039e-05 0.00020609031 0.0023848419 0.00026099481 
-0.00030612844 -0.0002940744 0.00059803632 -0.00021483682 -0.0051914585 8.996929e-05 
-0.0020320982 -0.0006864362 -6.3875289e-05 -0.00036702778 -0.0015705214 0.00010084888 
-0.0013136887 -0.00045985035 0.0031734067 -0.00063658837 0.0013224639 0.00010389826 
0.00024803126 -1.891502e-05 0.0037091792 -0.00044384043 -7.5082384e-05 0.00012994178 
-0.00079226973 -0.00038007279 -0.0019417318 0.00060052696 -0.00053953373 -6.6015594e-05 
0.0018659934 0.0015309398 0.0018673107 -0.00022532544 0.00041099441 0.00033506693 
-0.0004816144 -0.0014887487 0.0030278342 -0.00050192261 -0.00057322586 -6.9628701e-06 
0.0019060157 0.00050551956 3.5073285e-05 -8.308834e-06 0.0030645927 -0.00027519073 
0.0018975458 0.0019169706 -0.0021477911 0.00075880152 0.0012371644 -4.1196677e-05 
-0.00078436286 0.00020087717 -0.00027860843 0.00036502612 -0.00021938324 -0.00018515981 
-0.00070905995 -0.0014688546 -0.0018729533 0.00059688887 -0.0017401403 -0.00018483329 
-0.0012429996 -0.0013168085 0.0033665244 -0.0008516106 0.0014233965 -5.0375231e-05 
-0.0020014697 -0.0011391051 0.0021902018 -0.00031674095 -0.00090898137 -0.00010185606 
0.00069525407 0.0008133487 -0.00044012381 7.7993978e-05 -0.0013401961 -0.00022994269 
-0.0013529328 -0.00032123939 0.0012797308 -0.00032044519 0.00036690846 -0.00035113761 
-0.0014440724 -0.00042271532 0.00054968141 -0.00017633138 -0.0015553351 -0.0001874614 
0.0015618594 -5.857554e-05 -0.00014518182 0.00021807357 0.00064561873 2.2771142e-05 
0.0014841883 0.00034572816 0.0025504754 -0.00068522257 0.0013319943 6.076978e-05 
0.0021325483 0.0023531322 -0.0027308459 0.00068177781 -0.0017254993 -9.4559482e-05 
-0.00013502886 -0.00025234978 0.002112703 -0.0001532215 0.00011739377 -4.5078759e-05 
0.0010849128 0.00011495439 0.0011792729 -0.00021035195 -0.003291268 -0.00028339242 
-3.932426e-05 0.00014751727 0.001738774 -0.0001538967 0.0023424335 0.00033112558 
0.00027365594 0.00020889793 -0.0014475711 0.00067706629 -0.0029132561 -0.00015919968 
0.00091548661 -0.00026536639 4.7250595e-05 2.2439706e-05 -0.00029198274 -0.00013058953 
-0.00066606314 -0.00021629769 0.0019310955 -0.0002569054 0.0027504392 -0.00028591962 
0.00074313819 -0.00039287614 0.00026247683 -0.00029048399 -0.00013825874 0.00019781012 
-0.00016933637 0.00056968595 0.00025282086 0.00018784788 0.001123384 0.00016924101 
-0.00093187534 -0.0016200499 -0.0011117835 0.00036539293 -0.0015160434 -0.00025218903 
0.0014370074 0.00064733072 -0.00048738712 -0.00012552606 -0.0013204533 -0.00014912709 
-0.00099412158 -0.0015488806 -0.00070336057 -9.4650463e-05 -0.0021275474 0.00011381006 
0.00090637455 0.0010304181 0.0023324189 -0.0001657988 -0.00060513785 0.0001641894 
0.00094072636 -3.8598182e-05 -0.0010216253 0.00064844454 0.0021868196 -7.468848e-05 
-0.00016137803 0.0008095915 0.00062840006 9.3389719e-05 0.0039433166 -0.00016080148 
0.0012291168 0.00083571711 -0.0033185725 0.0003359854 -0.0020285887 -9.4636979e-05 
-0.00075517792 -0.001409151 0.00037876666 -1.962017e-05 0.001720296 0.00010857671 
0.0010202217 0.0011937733 -0.0027903133 0.00059391735 -0.0018053655 -5.216558e-05 
0.0014985167 0.00067242939 -0.0033122768 0.00068364265 0.0034773014 -5.5926766e-05 
0.0015446461 0.0011739703 0.0016862025 -0.00016663407 -0.0044822986 0.00017343564 
-0.00034190069 -0.00064207254 3.2593069e-06 8.4718178e-05 0.0044942373 -0.00020183632 
0.0034654909 0.0018938803 0.00051703982 5.2399332e-05 -0.00011351415 -0.00019832825 
0.0010460425 0.00073147959 -0.0045630804 0.00094762112 0.0024147506 -0.0001636337 
0.00090459952 -0.00029931092 -0.00038575516 -0.00013580843 0.00031932308 -0.00022098759 
0.0016831659 0.0013744811 -0.0022039427 0.00061685094 0.0037671226 8.6452467e-05 
0.00049235775 0.0014429042 0.0017089755 -0.00023236955 0.0038508496 -0.00017238954 
0.0012745825 0.00088587439 -0.0014448069 0.00019652602 -0.0013789344 0.00037557968 
0.00045138761 0.00059329226 0.0030487862 -0.00045623388 0.0015913568 0.00031925819 
-9.7388948e-06 0.0013353613 0.0010069342 9.06722e-05 0.0014733947 -0.00018571748 
0.0014872042 0.00019074502 2.0701773e-05 -0.00036754736 0.0011682744 7.1843089e-05 
0.0002835495 0.00017645671 -0.0022796755 0.00052170138 -0.0011995822 -0.00030065841 
0.00037782598 0.00047481518 0.0014400089 -0.00059866613 0.0037723436 -0.00016507818 
-0.0030750052 -0.001947058 0.0016596049 -0.00039673326 0.0012373879 -0.0001633944 
-0.0022400017 -0.0016993245 -0.00018591528 -0.00015248185 0.0043157183 -5.0274446e-05 
0.0036109648 0.0019217233 -0.00020564214 8.2956329e-05 -0.00095073577 -0.00010822268 
5.2394198e-05 -0.00061619142 -0.0009778459 0.00068303683 0.0012565232 -5.9835181e-05 
-0.00048573239 0.00073712365 -0.0034103916 0.00060502159 0.0028410914 -0.00019311302 
-0.0010612759 0.00011393388 -0.00040641401 1.1521835e-05 -0.0013092589 -0.00037685516 
-0.0011233175 -0.00019525501 0.00087477998 0.00018806312 0.0015534429 -0.00015657224 
-0.0007760764 -0.0013410193 0.00086547662 -0.00035078319 0.0021534208 -0.00017444633 
0.0019986903 0.0017130712 0.002419005 -0.00017348538 -0.0013329047 -0.00020596177 
0.0014109889 -0.00031671772 0.0002600934 -0.00021337431 0.0024114958 2.0021596e-05 
0.0026892455 0.00089209471 0.0013912402 -2.4728504e-05 0.0014654701 0.00012509898 
-0.0018141471 -0.0023665553 0.0020802031 -0.00029080914 0.0027824721 8.3411555e-05 
0.0022842359 0.0014177777 -0.00080898494 -6.2931185e-05 0.0036154805 0.00014140897 
-0.00064615848 -0.00057307913 0.0047130183 -0.00090428389 -0.00094570889 0.00020129386 
-0.00057875034 -0.001914134 0.0022155236 -0.00054865964 -4.0514952e-05 0.00014233841 
-0.0027739533 -0.0020654532 0.001461928 -0.00012292973 0.0038178334 -8.1293901e-05 
-0.00087300913 -0.0012509301 -0.00040384181 0.00026655369 -0.0028199234 -0.00029416613 
5.9102994e-05 0.00044151027 -0.001833473 0.00056703987 -0.00060964002 -6.0344337e-05 
-0.0024081895 -0.0027268103 0.0020393354 -0.00051116609 0.0013348091 -4.2074517e-05 
-0.00073637233 -0.00062584604 -0.00072301957 0.00027420237 0.0025791169 0.00014947714 
-0.00028910494 0.00090924097 0.00051479887 2.8106412e-05 0.0024060517 0.00029982702 
-0.001655326 -0.0015734637 0.0025875768 -0.00082742633 0.0019234206 -0.00012679713 
0.00050863369 0.00067663729 0.0031179259 -0.0008759806 -0.0019483332 0.00026824584 
-0.0011693662 -0.00094165116 0.0032089948 -0.00080390221 0.0019405836 3.8585765e-06 
0.00075249544 -0.00047269508 -0.0036887696 0.0006612313 0.0021227391 -6.0440349e-05 
0.0023838639 0.0016188514 -0.0024067785 0.00029566462 -0.0038014629 -5.013384e-05 
-0.00084550104 0.00063550014 0.0012698949 -0.00036418172 0.00097015266 -0.00015614046 
-0.0027976809 -0.0012343989 -0.0027640235 0.00073214538 -0.0014261199 -2.8608613e-05 
0.00027415918 -0.0004524533 0.0027661788 -0.00055635229 -0.004629359 0.00015557588 
-0.00037089786 0.00012467629 -0.0016448366 0.00072740606 -0.0012207301 0.00012555246 
-0.00049134007 -0.0011918623 0.0014922086 -0.00031111862 0.0024961305 0.00014645215 
-0.0002133041 0.00075802347 -0.002163858 1.6826098e-06 -0.0016647193 -6.0099434e-07 
0.0011236495 0.00066066631 -0.0011079444 0.00027324633 0.0026729984 -0.00030592745 
-0.0014064872 -0.00066477078 0.0015472155 -2.3054036e-05 0.00081151107 -0.00020092773 
-0.000196977 -0.0008365258 -0.0023279484 0.00052794165 -0.0025073774 0.00019919377 
0.0017607886 0.00054462783 -0.0025210229 0.00055176342 -0.00052952976 -0.00012662524 
0.00061295567 0.0011812176 -0.00046096297 0.00028844791 -0.0028012236 -0.00015187284 
0.0005096505 -0.00034353829 -0.0026187188 0.00072367152 0.0025220305 0.00013855853 
0.00085163931 0.0017869102 -0.0014681789 0.00044476781 0.00099195531 0.00022205529 
-0.00059494546 -0.0012266964 0.0028118912 -0.00050730097 0.0013614213 -4.0631985e-06 
0.0017494241 1.810663e-05 0.0024799474 -0.00059794795 0.00032930241 -3.5532207e-05 
-0.0004334586 -0.00067343746 -0.00088394974 0.00042554009 6.1070018e-05 8.103206e-05 
-0.0019535988 -0.00039832525 -0.00033459312 0.00016417835 0.0019936421 -0.00019950814 
0.0015980006 0.0022303453 0.00077205992 -0.00035982209 0.00035345164 0.00020792097 
-0.0013122368 -0.00046352936 -0.0019617284 0.00067389537 0.0030725948 0.00011976473 
0.0016600261 0.00084281311 0.0029364424 -0.00033549894 -0.0029239068 0.00012695358 
0.00040468745 0.00031496124 -0.00099772187 0.00050838345 0.0018314789 -0.00035487292 
-6.51839e-06 -0.00017821261 -0.0023611706 0.00048109926 -0.0043749323 -0.00013630395 
0.0026883306 0.00059146827 -0.00018864674 -0.00016794013 0.0018946212 -4.9579069e-05 
-0.0012044267 -0.00028369 0.0029936489 -0.00072047784 0.0023324092 -2.4235811e-05 
-0.0019102965 -0.0014098198 -0.00049084995 5.9245564e-05 -0.00030969811 0.00019041062 
-0.0007919929 -0.0012473566 -0.0013348342 0.00034759396 0.0002695359 0.00024518378 
-0.00048328378 -0.00020620763 0.00051713613 -0.00019303458 0.0050133921 -0.00015795265 
-0.00029141697 -0.00014296018 0.00081332027 -5.3387244e-05 0.00058406652 -0.00020977915 
-0.00081987284 -0.00096815555 -0.00073147021 0.00018550239 0.0040019243 -0.00034726067 
0.00080309078 0.0013331948 -0.0015614085 0.00011680702 -0.002224462 3.7784787e-05 
-0.0026670356 -0.0022993239 0.002339361 -0.00053168418 -0.0027718494 -1.0230907e-05 
-0.001963347 -0.00033321822 -0.0016519338 0.00020224329 -0.0030055859 0.00022915341 
-0.00067762923 0.0002082309 -0.00037925989 -4.1282935e-05 -0.0021156695 -0.00034801995 
0.0013147569 9.6594351e-05 -0.0033566438 0.00063172316 -0.0026244401 0.00010748856 
-0.001838035 -0.001845997 -0.0022663573 0.00032608974 0.0020162014 3.2537727e-05 
1.1661432e-05 0.00028388918 -0.0019625581 0.0003698211 0.0031176138 -0.00036704847 
0.0014905183 0.0012494686 -0.0024325255 0.00085415147 -8.5728314e-05 -0.00018095435 
0.0019740321 0.0010168479 -0.00025983616 -0.00031202301 0.0007614096 -0.00014718842 
-0.0029536525 -0.001646436 0.00036974917 -6.0667642e-05 0.0020962524 -6.7118374e-05 
-0.00074554501 -0.00032317729 0.0019802506 -0.00016903577 0.002919696 5.9820805e-05 
0.0008641864 -0.00081144696 -0.0028530708 0.00043103776 0.0015238888 1.4760543e-05 
-0.00055405375 9.5691093e-05 0.00058549857 -2.2207462e-05 0.0013547641 0.0001441718 
0.0021806293 0.0023317389 -0.0018306077 0.00053922302 -2.4458813e-05 -0.00019801293 
-0.002589782 -0.0021107237 0.0027124534 -0.00064577834 0.0031737023 -1.4766993e-05 
0.0010448329 0.0011748747 0.0036786352 -0.00099122581 -0.00039836375 -0.00013288233 
0.00041226295 -0.00019133272 -0.0010776928 -0.00026859745 -0.0020218417 3.6546948e-05 
0.0002420319 -0.001213625 0.0020156121 -0.00049497979 0.0021897312 8.2987149e-05 
-8.1844954e-05 0.0013576161 0.0031220912 -0.00051380236 -0.0013578119 -9.1782135e-05 
-0.00080618498 -3.2980399e-05 0.0011526274 -0.000495249 -0.0046260007 7.0268755e-05 
0.0022581153 0.0012217088 0.00068755552 0.00017388441 -0.00017899262 -0.00027774906 
0.00081104245 4.9654015e-05 -0.00063539128 1.0534955e-05 0.0020576815 0.00036177856 
0.00092051291 5.2896233e-05 0.0030382918 -0.00034022974 0.0017247092 -4.8014649e-05 
0.0019078512 0.0015185663 -0.0017499296 0.00022281027 -0.00019538179 -0.00037543207 
0.0011458207 0.00032540078 -0.00058545296 0.00032357949 -0.0042367398 9.538438e-05 
-0.0002043134 0.00082564864 0.00060624709 -6.0904587e-05 -0.001880393 0.00014563651 
-0.0014054046 9.7311138e-05 -0.0028282744 0.00073325628 0.0022495495 -0.00017119109 
-0.00048852918 -0.00046956299 -0.001215616 -0.00010743509 0.0014353154 -0.00035365641 
0.002152997 0.00023938793 -0.00022103062 8.7035797e-05 0.0034528794 9.3844057e-05 
-0.00044908413 -0.00030683554 0.00047287536 -0.0005414372 0.0014810536 0.00015753941 
-7.0943116e-05 -0.00020734127 0.0013125228 -0.00035475306 0.0046188407 -0.00032039807 
-0.0026433083 -0.0016592111 -0.00084031396 0.00019106257 0.0013793321 0.00012850724 
-8.3670877e-06 0.0011588973 -0.0012577917 -0.00018732762 -8.1615464e-05 -2.987571e-05 
3.0327442e-05 -0.0011166939 -0.0011890927 0.00040167933 0.001755743 -0.00016957015 
0.0021303258 0.00071382761 -0.0020884885 0.0003632685 -0.0019493044 0.00016576265 
-0.00074472941 -0.00024851717 -0.0027147395 0.00060151461 0.00085813156 -6.7717122e-05 
-0.0014933198 -0.00095549341 -0.0026170022 0.00050404428 -0.0019877523 0.00026191376 
-0.00089447497 -0.0012445833 0.00052369063 1.9929275e-05 -0.0023701648 0.00028849686 
-0.0016394404 -0.00047599432 -0.0015049071 0.00016435969 -0.0012410598 9.6575851e-05 
0.00073873638 0.00087011262 -0.0037384062 0.00091664156 -0.0020670351 0.00013363463 
-0.0014765753 -0.0016665267 0.0023280778 -0.0004660503 -0.0010653987 -0.00015108473 
0.00065147021 0.00074689016 0.003600633 -0.00059029974 -0.00082098863 -5.5467207e-05 
-5.7873335e-05 0.00024754721 -2.2183451e-05 -0.00016809083 0.002130785 0.00021037541 
-0.00010783967 -0.0011067427 0.0025721368 -0.00049112446 0.00021988933 -0.00034778506 
0.00051960589 0.00075396739 -0.0048380816 0.00069138684 0.00035347979 -8.8682634e-05 
-0.002356341 -0.00091325783 -0.00038976856 0.00022636571 0.0012105348 0.00023204951 
-0.0024614795 -0.0010772754 0.00054992501 -4.5769564e-05 -0.00082849321 -0.00010789638 
0.00099124703 -0.00010604799 -0.0029479679 0.00048045244 0.0020464943 -0.0001258973 
0.0010554805 0.00040656204 0.00022158485 -0.00030628443 0.004263309 -0.00016538507 
0.0022754131 0.00084388585 -0.0023477455 0.0005782158 0.0016256413 -3.4405029e-05 
0.0010419018 -0.00070019768 -0.0010696698 0.0001145423 0.0012182103 -0.00028082368 
-0.00090207169 -0.00093535421 1.8869108e-05 5.1388324e-05 -0.001110348 0.00043272395 
-0.0015200556 -0.0010685181 -0.0017530855 0.00060536244 0.002912833 4.4467611e-06 
0.0017452955 0.0020237575 -0.00058225899 0.00022076088 0.0015205253 0.00021468097 
0.00038681074 0.0011455238 -0.0039348969 0.00055654217 0.00024978604 6.7574437e-06 
-0.0014104718 -0.00082903435 0.0044631619 -0.00082317978 0.0012637415 -3.3845205e-05 
0.0027791154 0.0015840805 -0.0013078962 0.00019369262 0.00070894559 -1.7989388e-05 
0.0010276532 0.00058421535 0.0019121735 -0.00053432285 0.0014914035 -3.9039696e-06 
-7.3503638e-05 0.00056046383 0.00018590265 0.00039311187 -0.0020521999 -2.8511522e-05 
0.0022144439 0.0011658145 0.0023604326 -0.0001117874 0.0014014102 6.9629922e-05 
0.00098354603 -1.1826522e-05 0.0024714584 -0.00034136069 -0.0023947687 -0.00023580425 
-0.0023702237 -0.0015678862 -0.0017622969 0.00057703323 -0.0015645541 -0.00018251583 
0.0028254437 0.0018366003 -0.00085660832 5.4614451e-05 0.0017207446 -0.00020832912 
-1.0205432e-05 -0.00089402433 -2.9307144e-05 -7.2639826e-05 0.0048875334 -0.00016074866 
0.0019210071 0.0015443477 0.0015231252 -0.00021071854 -0.0033702711 -0.00023704557 
-0.00089114116 -0.00099920802 0.0016069247 -0.00070310657 -0.0033339043 3.6828411e-06 
9.6035983e-05 -8.2661226e-05 -0.0019284648 0.00030221363 0.00056830942 -0.00033698289 
0.00094097727 0.0010841007 -0.0026949295 0.00051079611 -0.0033603034 0.00021447434 
1.352653e-05 -5.2395854e-05 0.00053975636 -0.00044062367 0.0044567153 -0.00013937043 
0.0015198599 0.0010990953 0.0013123728 0.00011507903 0.0030833668 -7.0931048e-05 
0.0023460746 0.00061076449 0.0015151191 -0.0001124148 -0.0020277415 8.4445917e-05 
0.0003570304 -0.00083011265 -0.001950631 0.00045295885 -0.0023374675 0.00016981225 
0.00068521882 0.00016360992 0.00091064213 -0.00018200095 0.0038396779 0.00020259631 
-0.0013612171 -0.00063793059 0.002178415 -0.00015840833 0.0026444873 -0.00026972691 
-0.0008449617 -0.0017622636 -0.0024865325 0.00027271633 0.00089699427 -0.00022928898 
0.0025437968 0.0021734012 -0.0024238992 0.00039434347 0.00095675954 -0.00011599215 
-0.0011432487 0.00067161286 0.0011524352 -0.00047652502 0.001496239 0.00012472014 
0.00062120707 0.0016706057 -0.0015630266 0.0005973502 -0.00066657819 -8.5581121e-05 
0.0013999844 0.0013896311 -0.0039583051 0.00097440753 -0.00036692537 4.9008701e-05 
0.0018417094 0.00037274654 -0.0013362498 0.00024797903 -0.00046348678 5.2522215e-05 
-0.0025458214 -0.0019445117 -0.0023945618 0.00065016584 0.0031074982 7.0139577e-05 
-0.00095989918 -0.0020441108 0.00099722149 -0.00041335066 0.00026045688 -5.6616659e-05 
-0.0019418226 -0.0019654079 0.00028052913 0.00012642132 -0.0041231899 0.00016328566 
0.0013025604 0.00074944776 0.0024337642 -0.00010729789 0.00066192248 -0.00026675882 
-0.00024688317 0.0002557674 -0.0030253658 0.00079281557 -2.461586e-05 0.00013676529 
-0.0020159933 -0.0011459241 5.6999272e-05 0.00027375916 -0.0011465172 -0.00029393989 
-0.00021501095 0.00099336605 -0.00084877704 0.00019592176 -0.00080990012 -0.00033883161 
0.0010792979 0.00093227297 0.0017206583 -0.0003662318 0.0026259655 0.00022283707 
-0.00061933671 -0.00097388182 -0.00052320828 -0.00035331067 -0.0009760221 -0.00020947273 
0.00039082669 -0.00081121876 -0.0013879366 9.64776e-05 0.0011438772 3.3330895e-05 
0.0019296211 0.0018089361 0.00060112826 -0.00023421749 0.0046559609 -4.0927639e-05 
5.047531e-06 -8.0242606e-06 -0.0030296634 0.00086827422 -0.0031584723 -0.00010552612 
-0.0014462466 -0.0011929748 -0.00012106167 0.0002734685 -0.0037352622 -1.7265758e-05 
-0.0018381005 -0.00083262069 0.0018462235 -0.00021970482 -0.0031840992 0.00014378706 
0.002629502 0.0027358684 0.002646921 -0.00067704622 0.00021308707 -3.0603747e-05 
0.00049286209 0.0017220191 -0.002730886 0.00027160448 -0.0010262909 -8.050737e-05 
-0.0018453852 -0.00065572184 -0.0020700635 0.00053212895 -0.0013343063 -3.1439297e-05 
0.00086679033 0.0001222906 -0.0046473084 0.0009824791 0.00033538309 6.9278963e-05 
0.00077063062 0.0013170874 -0.0022494301 0.0005842717 0.0029812838 -0.00017619271 
-0.001184368 -0.00089299909 0.0039148228 -0.00049230705 -0.0023835506 -7.8476265e-05 
0.0030291494 0.0024944454 0.0022582537 -0.00027767566 0.0020849566 -2.2391014e-05 
-0.00056052424 -0.0010050672 0.0032330138 -0.00086067359 0.001738473 5.2369423e-05 
0.00050453749 -0.00075553305 0.0017654283 -0.00042333475 0.0020791114 -0.0001231902 
0.00088034034 -1.4043507e-06 -0.0012820975 -0.00012610625 -0.0016935922 0.00017373657 
-0.00095167878 -0.00016322485 -0.0023527665 0.00047389225 -0.00279773 0.00020667492 
-0.0015727756 -0.0014238355 0.00026605147 2.4818294e-05 -5.3156534e-05 0.00016790187 
-0.0010993876 -0.0010335092 -0.0013923475 0.00021195633 -0.00056159078 -0.00022519945 
-0.00078930347 -0.0015502316 0.0016611893 -0.00028540634 -0.0017868223 -0.00014869692 
0.00066732753 -0.00010395197 0.00035432041 0.00021031738 0.0023234595 -8.2471092e-05 
-0.0015000957 -0.00087698508 -0.0022502712 0.00033253169 0.0039767967 -0.00010655184 
-0.00028259742 -0.00093099162 0.0030346645 -0.00070758048 -0.00014675605 -0.00013851973 
0.00026755023 -0.00030580683 -0.0014812305 0.00076638691 0.0020046734 3.0109088e-05 
-0.00079532125 0.00010584199 -0.0016041487 0.00068675204 0.00032248839 -0.00025720035 
0.0024667708 0.0019476785 -0.0016568786 0.0002351378 -0.00054953536 -0.00019359043 
0.00078639702 -0.00041738222 -0.0019629383 7.5633612e-05 0.0019538628 0.00014551934 
-0.00056746008 0.00034836172 0.0016871317 -0.00066230784 -0.00037581078 -0.0002256438 
-0.0010298026 0.00032937633 0.0024403329 -0.00034404463 -0.00087213178 -0.00023949207 
-0.00020120759 -0.0011104696 -0.0024261159 0.00038930564 0.0044620771 -0.00012344138 
-0.0020070691 -0.00148187 -0.0011401918 -0.00014022897 0.0019255236 -4.3870736e-05 
-0.0021492189 -0.0019270091 -0.0034067648 0.00056044895 -0.00040884781 0.00015239326 
-0.0004037711 -0.001574956 -0.0014991709 0.00025523051 0.0024495914 -6.2905705e-06 
0.0018582835 0.0013684364 0.0013421775 -0.00035206723 0.0044012475 0.00011014747 
-0.0004937183 -0.00072014466 -0.0016577508 0.00031156663 -0.0018562355 -9.2716773e-05 
-0.00020573142 0.00083619811 -0.00043469331 -5.3070357e-05 -0.001546091 -0.00027935897 
0.00082455226 1.9613105e-05 -0.0024875176 0.0008134182 0.00025358425 -5.3530661e-06 
-0.0021345528 -0.002553498 -0.00025682369 0.00017073748 -0.00034244343 0.00020803722 
-0.0017072634 -0.0010851471 -0.00093695871 0.00029556857 -0.0018279776 -0.00036600576 
-0.0011992156 -0.0014318945 0.00058683727 -0.00048917037 0.00042208559 6.6305951e-07 
0.00021786022 0.00021422994 -0.002055333 2.290646e-05 0.0024239565 -0.00012130159 
-1.2883414e-05 -0.0002049963 -0.0040060531 0.00048053055 -0.0022085717 -0.00010303594 
-0.0014005699 -0.00035660027 0.0032220645 -0.00057834621 -0.00044513144 -7.8531278e-05 
-0.0013012551 0.00068122449 -4.7974353e-05 3.4631137e-06 -0.00032331758 0.00019527972 
-0.00023381093 0.0013325083 -0.00043622188 6.9892693e-05 0.0040598679 1.3122823e-05 
-0.0015866349 -0.00031232268 -0.0023126614 0.00076440616 0.00049328801 3.4953958e-05 
0.0012149056 0.001298068 -0.0041177666 0.00065953837 0.0011045648 -1.2533993e-05 
-0.0023334787 -0.0014464705 -0.00064543598 0.00021568997 0.0020237983 -0.00025887258 
-0.0014417048 -0.00058015399 0.0019123426 -0.00015683185 0.0025002633 -0.00033836842 
0.0025490068 0.0011531405 0.00047680468 -4.609708e-05 -0.0035162623 0.00010767141 
0.00086899001 0.001113846 -0.00032246018 0.00013352614 -0.0021200499 -0.00012576938 
-0.0014895764 -0.0012501465 0.0015778837 -0.00036946971 -0.0045381365 -3.7899149e-05 
-0.00020804604 0.00011398025 0.00039549037 -0.0001495411 -0.0056966128 0.00012095756 
0.0016973266 0.00070508799 0.00041092098 -0.00019355746 -0.0023991709 0.0002586921 
0.0016180915 0.0010314424 0.0031346237 -0.00076425285 0.00027526364 -6.5002617e-05 
-0.00067275094 -0.0016286324 -0.00062930872 0.00016415782 -2.0619338e-05 0.00027001596 
0.0022675153 0.00071308371 0.00030522991 -0.00022618052 0.0030449055 -0.00010792397 
0.0010081974 0.0010244223 -0.00054133561 0.00040477936 0.0031469666 6.5682439e-05 
0.0027477654 0.002227523 -0.00024679378 -0.0002386498 0.00041645842 -0.00010768348 
-0.00068363558 -0.00031766399 0.0021322844 -0.00040574152 0.0028861169 7.6409453e-06 
0.00089531513 -0.0011583313 0.00057663504 -0.00017711296 -0.00030041891 -0.0001764238 
0.00027610898 -5.9826689e-05 6.8455535e-05 0.00025328897 -0.0013911188 0.00034223106 
-0.0015407183 -0.0019517527 0.00056551165 -3.5980673e-05 -0.0017995871 -0.00012044732 
-0.0016683818 -0.0020235345 0.0026427268 -0.00053966216 -0.0001552766 -2.5617384e-06 
0.00086470614 0.0018850952 -0.0010487316 3.5989763e-05 -0.0026306313 0.00022403252 
0.0016784474 -0.00021237603 0.00089830398 5.37767e-05 0.0016286714 0.00016140199 
0.00066954894 0.00089407147 -0.0039939798 0.00071635159 0.001065043 -3.9430753e-05 
0.00074759876 0.00025554856 0.0047076656 -0.00098604795 -0.0024555697 -7.407977e-05 
-0.0014145931 -8.115294e-05 0.0019713962 -5.6100177e-05 -0.0016862867 0.00015053851 
0.00049302854 0.0012331699 0.0008897802 -3.7856486e-05 0.0005913314 0.00031978774 
-0.00098908611 -0.00075295833 -0.00055695626 0.00024485466 -0.003249617 0.00010727806 
-0.00018464732 7.9089794e-05 0.00044665725 -6.2766516e-05 0.0060252975 -6.6318527e-05 
-0.0027913833 -0.0017749307 -0.0029677916 0.00032214768 -0.0013540447 4.1184534e-06 
-0.00036492919 0.00094392579 0.001235933 -0.00016951502 -0.0010256118 -0.00019634961 
0.0013828435 -0.00022250455 -0.0014955629 0.00028294684 -0.00075215252 -1.0950415e-05 
0.00079309064 0.00068479448 -0.0017891594 0.00019083749 0.0039666363 -0.00025554721 
0.00069849866 0.00039932059 -0.0021000948 7.0651402e-05 -0.0013615302 5.3525452e-05 
0.0019740497 0.00045957416 0.00025489291 -0.00017901986 -0.0011008309 -0.00028438644 
-0.0020253199 -0.00023957599 0.0022327474 -0.00071302022 0.00027396984 -9.9669366e-05 
-0.00026731877 0.00048358825 -0.00073726291 0.00031636895 0.00096053935 -0.00041850681 
-0.00077492777 -0.00081229419 0.00035594877 -0.00054357642 -0.0018783323 0.00015160863 
-0.0027345848 -0.0010519201 0.0002440325 -7.3829111e-05 0.0039229548 -1.1107272e-05 
-0.0020129747 -0.00026568373 0.0022617244 -0.00023841209 0.0018404017 -0.00018884351 
0.0009769985 -0.00039043519 -0.0032138254 0.00045283361 -0.00048079593 0.00016201905 
-0.00093849594 0.00080656179 0.0020898695 -0.00048497013 0.00020288622 0.00022594813 
0.001967261 0.0016247709 0.00010527733 9.7036751e-05 -0.0040297964 0.00019965104 
-0.0011904612 -0.0012599991 0.0037441419 -0.00090651839 0.00240053 -9.5587089e-05 
-0.0022461307 -0.0025520148 0.0012141245 -0.00038338476 0.0012381493 -0.00018823827 
0.0034008972 0.0025804845 -0.00010031105 -5.9786087e-05 0.0010449607 4.4642479e-05 
0.00071887679 -0.00025939418 -0.0023712996 0.00080441399 0.0010952602 -0.00013544583 
-0.00037575237 -0.0006846182 0.0034147469 -0.00025869427 -0.0012361324 7.5994283e-05 
0.0006313607 -0.00078762025 -0.0021695087 0.00027935034 0.0012787793 -0.00030308222 
0.00087081349 -0.00069780012 0.00054716526 -9.02368e-05 -0.001249254 0.00019819968 
0.00030462179 -7.9878221e-05 0.0011408105 -0.00042417071 -0.00074954033 -0.0001130837 
0.0030636432 0.0018212819 0.0010912491 -0.00031998815 -0.00073296999 0.00017101476 
-0.0020638077 -0.0014256473 0.0013996233 -0.00016296501 0.0014502955 1.2258864e-05 
-0.00015732044 -0.00064223708 0.0014750968 6.5031966e-05 -0.001316911 -0.0002158337 
-0.00037795001 0.00033558547 0.0002480291 0.00021858648 0.0017048868 1.0899353e-05 
-0.0012819979 -0.0003657872 0.0010477621 3.0069541e-05 -0.00018001506 -0.00015353388 
0.00049066946 0.00049120935 0.00079122976 0.00031752081 -0.0015973324 -5.7549604e-05 
0.0014805058 0.0012898146 -0.0012526282 -2.3263748e-05 -0.00075814092 -0.000187195 
-0.0020397082 -0.001808306 0.00094401019 -0.00051717663 -0.0019586933 -9.4477491e-05 
0.0020798227 0.0011520352 -0.001362241 -8.821883e-05 -0.0021610309 0.0001062869 
-0.0001464385 0.0014887151 -0.00084497693 0.00018108519 -0.0028502818 0.0001453178 
0.00092015546 0.0004061729 0.0023829068 -0.00061214616 -0.00022310853 0.00030179871 
-0.00084609787 -0.0020955422 0.00037114342 4.4544456e-05 -0.00077263039 1.9724527e-05 
-0.0005968651 -0.0020810221 -0.0013249682 0.00020198555 -0.00018366054 -0.00010567493 
0.0024567944 7.1893161e-05 -0.00062074287 2.5106334e-05 0.00027018961 -5.5761121e-05 
0.0021011533 0.0018010307 0.0035146163 -0.00080361384 -0.00090749744 -0.00014147346 
-6.0733877e-05 0.00024440293 0.0047137405 -0.00093797495 -0.00029982664 -0.00016603571 
0.0022944068 0.0011402413 0.0010099298 -0.00032120427 -0.0020725509 0.00014845496 
0.0024434257 0.0027618272 0.0014061127 -0.00016833384 0.00055799167 0.00012189429 
-0.00078268322 -0.00043095172 -0.001326522 0.00041050349 0.0043148442 0.00023752644 
-0.00021228225 0.00038167997 -0.00048910493 0.00033446319 -0.00383476 -0.00023758846 
-0.002681778 -0.0014382973 -0.00063716817 7.7836132e-05 -0.0026930047 0.00016039989 
0.000193482 0.0009898932 0.0017114605 -0.00023148907 -0.0047587546 -0.00011887227 
0.00065341453 -1.6579443e-05 -0.0031082438 0.00067763484 0.0013549611 1.9281852e-05 
-0.00078838973 -0.0011043081 0.00071820185 -0.00027977605 0.0016540492 -0.00019833389 
0.002737413 0.0019500085 -0.0023631032 0.00056400142 0.00072484576 0.00022696554 
-0.00024347624 -0.00080587277 -0.0012149435 0.00010545708 0.002448157 0.00019976407 
0.0015044735 0.0018205507 0.0025966039 -0.00026682596 -1.0662098e-05 -5.0415709e-06 
-0.0015631751 -0.0019030311 -0.0040600849 0.00085569292 0.0016324787 -8.2295654e-05 
0.00043743522 0.0011445893 -0.0017414645 0.0003764168 0.00054096887 0.00022914789 
-0.002474643 -0.00094559465 -0.00041791541 0.00029092887 -0.0013244403 -1.0464071e-05 
0.0011731872 0.0023012846 -6.2573428e-05 0.00017335254 -0.00095193359 -4.4972181e-05 
-0.0031550174 -0.0018543212 -0.0010083085 -7.8391232e-05 0.00096196952 -0.00011264197 
0.0012376443 0.0026719435 -0.00020061914 0.0001344614 0.00020959454 1.3763712e-05 
0.00051298835 0.0013143888 0.00047886221 -0.0003167149 -5.391828e-05 0.0003354991 
-0.00127062 -0.0018264893 -0.001689637 0.00029252181 0.0028531223 -9.0864691e-06 
0.0019319642 -0.00011558963 0.0010826763 -0.00038821394 0.0022020892 3.068596e-05 
-0.0020630893 -0.0014920248 0.00031835966 -0.00016885349 -0.00066470371 0.00038482319 
-0.0023265163 -0.00077941724 0.0014584231 -0.00027886775 0.00097711837 9.2601415e-05 
0.00081572902 -2.9149152e-05 0.0024871517 -0.00047897781 0.0020762119 -0.00011514377 
0.001376934 0.00026386525 -0.00059418991 -0.00024100923 0.002855188 -0.00015437769 
-1.494424e-07 -0.0013145106 -0.0028203372 0.00074318676 0.00020814287 7.5329745e-05 
0.0016231932 0.0017095945 -0.0021603365 0.00031570061 0.00040264264 -0.00028575232 
-5.3775351e-05 0.00085611448 0.00065647304 7.1602723e-06 -0.0034670673 -7.7527864e-05 
0.0011258064 0.0010332329 -0.0030910381 0.00082568125 0.0024440404 -0.00017283777 
0.00047891694 0.0010547429 -0.0004320232 -6.4251092e-06 0.0015849179 -0.00040385309 
0.00088389923 -3.500758e-05 0.0021266834 -0.00048111367 0.0032902373 -0.00011278305 
0.00040041453 0.00046344008 -0.0026730325 0.00022655007 -0.0040438412 0.00011163212 
-0.00073034626 0.00053866114 0.001497912 -0.00049070453 -0.0033840821 -5.5934689e-06 
-0.00029473596 0.00046354116 -0.0023270062 0.0003042974 0.0041238356 -7.7651942e-05 
0.00042931495 0.00068464232 -0.00070092639 0.00032114644 0.002731209 -0.00014814904 
0.0003168158 -0.00032929166 0.00036418099 -0.00034822176 -0.0028951703 -4.4764138e-05 
0.00050427333 0.0010098693 -0.00035796825 8.6804386e-05 -0.0043288391 0.000265937 
-3.0748978e-05 -7.8462585e-05 -0.0013072545 0.00063959129 0.00095800133 -9.0748561e-05 
0.0003694837 -0.0010772976 0.00083201829 5.952909e-05 -0.00039261742 -0.0002230512 
0.00037945304 0.00045584664 0.0011419772 -6.4364358e-06 0.0029173545 -0.00024748056 
0.00039399578 0.00076354 0.0026019296 -0.00055206154 -0.0021529897 -4.4493736e-05 
0.00078142842 0.0011180513 -0.0018503244 -1.4449052e-05 0.0022540775 -0.00016864178 
-0.0016112562 -0.00063205366 0.00032929224 0.00011567652 0.0046167749 -0.00022390476 
-0.00028220014 -0.00054247235 0.0036403453 -0.00089447576 0.00079004015 7.4070872e-05 
-0.0013155394 -0.0010293464 0.0023080256 -5.9583219e-05 -0.00037469973 7.0094058e-05 
0.0022076112 0.00077291806 -0.0015380875 0.00038294781 -0.00014980465 0.00024937196 
-0.00010281712 0.00019884773 0.0048113367 -0.0010948802 0.00018674724 -0.00012766013 
-0.0019422708 -0.0014261546 0.0034035109 -0.00073504821 0.0012789317 2.1423289e-05 
0.0016854863 0.0020858069 0.0022009003 -0.00055281481 -0.0016714133 -0.00016870987 
-0.0018732225 -0.0020147376 0.0033859076 -0.00069248298 0.00075597327 0.00014372501 
-0.00017368974 -0.00026213524 0.001815593 -0.00037676199 0.0048821769 -0.00026002975 
-0.0027518628 -0.002712258 0.0016784972 -0.00017027091 -0.0019803092 0.00011602059 
-0.0014605355 -0.0010387585 -0.0015171242 0.00049233393 0.0028402249 -0.00020922665 
-0.0011277385 -0.00039504587 0.00026284748 0.00031125303 0.001757037 -4.3692918e-05 
-0.0019049189 -0.00041682665 0.00044381473 -0.0002865019 -0.0033964 0.00020447183 
-0.0019024443 -0.0017889313 -0.0022026123 0.00029092571 -0.0038894477 -1.4770923e-05 
-0.00014897095 -0.0010160563 -0.00078259536 -0.00010512379 0.0020649232 0.00013747339 
-0.00014168226 9.7291634e-05 -0.00064120216 0.00011909442 0.00038433288 -8.4648374e-05 
0.00060276571 0.00094819146 0.00092070251 7.7266847e-05 -0.0031001074 5.698818e-05 
-0.0011399504 0.00091944708 -0.00047516308 -0.00011060663 0.0020325908 -4.1791158e-05 
0.0013600628 0.0011733042 -0.003070257 0.00061476662 -0.00080084282 -0.00028310749 
-0.0013270628 -0.0012190216 0.0045736619 -0.0010767489 -0.0013989405 3.9179307e-05 
0.0015234707 0.0001205917 0.0034090561 -0.0003910104 -0.00080782804 -2.3316383e-05 
-0.0027109214 -0.0017275661 -0.00079318209 0.000432199 -0.0017650966 -0.00013613369 
-0.0016823271 -0.00033146094 -0.0017658752 0.00022888549 0.00049621872 0.00013340466 
0.0015312176 0.0004888635 0.0031082328 -0.00039324201 0.0018998915 -0.00023331261 
0.00127251 0.00049208246 0.0027395704 -0.00077989099 -0.00022382273 -8.2781884e-05 
0.0016322152 0.00039882684 0.0026115997 -0.0003621205 0.003805817 -0.00012703706 
-0.0018893342 -0.0009202322 0.00090557413 -0.00023407998 0.00011401146 -0.00030106764 
-0.00039105968 0.00072583638 0.0028831223 -0.00052053562 -0.00072888495 -0.00016420653 
0.0018662829 0.0024500865 0.00075197548 -7.0684404e-05 -0.0025871901 -8.8561965e-05 
-0.00067372059 -0.0019339836 -0.0034486598 0.00068818379 0.00047925573 -5.0596508e-05 
-0.0018490466 -0.0011108523 -0.0011655552 0.00023899151 -0.0016516906 0.00012493848 
-0.0028267574 -0.0023436985 -0.0035155764 0.00070426287 -0.00079665435 -1.3609969e-06 
2.5243696e-05 -0.00033099101 0.0012713977 -0.00017578083 0.0032745473 -7.0816438e-05 
0.001904659 0.0014966913 0.0017419955 -0.00020670111 0.0015295978 0.00034010075 
0.00034107922 0.0010914654 -0.0027951042 0.0004841757 -0.0028113594 -2.4818771e-05 
-0.0010154782 -0.00077302677 -0.00099947307 0.00031559076 -0.0034722656 -0.00029106428 
-0.0023087406 -0.0018421518 0.0024873575 -0.0007068412 0.0006737535 8.9141178e-06 
-0.00033533013 0.00043620283 -0.0001570123 0.00039976265 0.0029749881 0.00017313059 
-0.00071864764 0.00056397558 0.00025148541 2.3529435e-05 0.0040751969 0.00012001758 
-0.00045217111 0.00049829091 -0.00073861329 0.00026837991 -0.0010295581 0.00015980826 
-0.0010810131 -0.0017834611 0.00075555221 0.00024898589 0.0013942689 2.0737645e-05 
0.0016934432 0.0014688145 -0.00059033198 0.0004438009 0.0028903165 -0.00021176022 
0.00010068856 0.0012634556 0.0025764975 -0.00035755305 -0.0025095244 0.00021817186 
6.9183066e-05 -0.0009039001 -0.00086180391 9.26099e-05 -0.0024644668 -0.00016011898 
-0.0017327121 0.0003211028 0.0020401911 -0.00025569668 0.0016135648 -7.1393714e-06 
-0.001850269 -0.00088075868 -0.0014887713 -3.3684144e-05 0.0009476121 -0.00018099608 
-0.0011758715 0.0010825442 0.0011019661 -0.00019521378 0.00033429207 -9.122204e-05 
-0.00018849757 0.00060626371 -0.0010431504 0.00023314723 -0.0018954238 -0.00020799466 
-0.0013209324 -0.0017326102 -0.00020369765 0.00037159737 -0.00084548051 -0.0001101941 
-0.0012819826 3.6544025e-05 -0.001968507 5.0609185e-05 -0.0019653297 -8.0778488e-06 
0.0012652263 0.0013936486 -0.0015773392 0.00010118381 -0.0019985612 0.00031269792 
-0.0022826415 -0.001891807 -0.00017827789 -0.00027842934 -0.0016149705 0.00026091225 
0.0026878402 0.0023025617 0.0021675086 -0.00055415836 -0.0014918198 -1.464282e-05 
-0.0034475201 -0.0022850744 -0.00074087229 0.00017018272 0.0019947691 0.00014880534 
-0.0026556497 -0.0031150379 -0.00036886218 1.9888915e-05 0.00096864437 -8.501737e-05 
-0.0024081137 -0.00082820655 -0.00022246813 0.00042060196 -0.0010685826 7.6394447e-05 
0.0016907977 0.0013190257 -0.00029032895 0.00013608538 -0.0027393907 -7.1045416e-05 
-0.00023103931 -0.00023645059 -0.001069924 0.00034645568 0.0038322879 -0.00035610586 
-0.0012158559 -0.00068482989 0.00020202635 -9.17597e-05 -0.0018083838 -0.00015029085 
0.0015450501 0.00053678513 0.0017636887 -0.00060199851 -0.0001682783 1.2303971e-05 
-0.001171286 -0.0014176301 0.0031278543 -0.00035977522 0.0033453883 -0.00010146175 
0.00060279417 0.0009474019 3.9963931e-05 -0.00015801932 -0.0031476782 -0.00029213986 
-0.0028627407 -0.0022441985 0.00033358474 -6.1757614e-05 -0.00049144254 0.00016423798 
0.0013967664 0.00016557664 -0.00035877479 -0.00027305601 0.00081922396 0.0001755669 
-0.00020120922 -0.0011024552 0.0023168256 -0.00029766182 -0.0013129966 7.021924e-05 
0.00042459539 0.00019771297 0.0037851107 -0.00078771024 0.00077464217 -2.5609398e-06 
-0.0006569072 -0.00077381227 0.003087676 -0.00029963962 0.0016761006 2.4874702e-05 
-0.0023694985 -0.0019262214 0.0016923993 -2.6635538e-05 -0.00064201716 5.281562e-05 
0.0010673484 0.0011102262 0.0018477825 -0.00010760163 0.0010058283 -0.00036114023 
-0.0011263769 0.00066013534 -0.0012713033 1.9203441e-05 0.00078782674 -0.00019488721 
0.00077394835 0.0012987907 0.0032767204 -0.00044457629 -0.00064383775 7.9760812e-05 
0.0023910486 0.00078645699 0.00054455483 0.00012174283 0.0030186919 2.0968502e-05 
-0.0003933499 -0.0018662233 0.00052618266 -0.0001968484 0.0023660414 0.00011988748 
0.0030274549 0.0018072621 0.0022648902 -0.00039025902 -0.0029796453 -1.5254239e-05 
0.00091458572 0.0011333299 -0.00027483708 -0.00010919083 -0.00091321279 -0.00041598509 
-0.003120802 -0.0029527044 -0.0012797816 0.00018746756 0.0018327898 3.7617352e-05 
0.00095224424 -0.00055007095 0.00080038365 -0.00032849155 0.0014877032 -0.00014835006 
-0.0021269333 -0.0011874228 0.0020624238 -0.00024455158 0.0033071925 0.00011859385 
0.00067580331 0.0015081931 0.00089277491 -6.342892e-05 -0.001043828 -0.00035399647 
0.001151747 0.0018401202 -0.00073338435 -3.7486465e-05 -0.00064694436 -0.00031887394 
0.00049581598 0.00076453907 -0.0005747444 0.000421028 -0.0039411935 0.00017627872 
-0.0016602956 -0.0014212346 0.0027788817 -0.00079623351 -0.0029901325 3.9234165e-06 
0.001576812 0.00084012114 0.00050805587 -0.00029804638 -0.0045263789 0.00022042592 
0.0015088524 0.00021282575 -0.003252008 0.0003593546 -0.0014985928 -8.1600319e-05 
-0.00082945262 -0.00088469192 -0.0019321389 0.00042874223 -0.0025565762 2.4845519e-05 
-0.001391614 -0.00071063414 0.00029862333 0.00029408852 -0.0011861795 -0.00024175432 
0.00094887986 -0.00039879201 -0.0024241647 0.00066743285 0.0019382009 0.00019721218 
-0.00053233653 -0.0014550646 -0.003491576 0.00078084894 0.00095133322 0.00021293247 
0.0030723836 0.0018348336 -0.0018561358 0.00023185235 -0.0012145575 0.00018579772 
-0.00043742156 7.0058763e-05 -0.00048050652 -0.00017817783 0.0015625193 1.5549799e-05 
-0.00072569393 0.00057155535 0.0020665934 -0.00050004674 -0.0027367387 -0.0002499405 
-0.0016566147 -0.00062864777 -0.0023606068 0.00035654612 0.0038342833 4.0067947e-05 
-0.00029634954 -0.0011353449 -0.0008486333 0.00024917039 -0.00027957049 0.00021464076 
-0.00088862004 -0.00060468903 0.0019268202 -0.00035783395 -0.0039545741 -5.8369598e-05 
0.0017867872 0.00088189953 -0.0018789943 0.00014715418 -0.00225892 3.7657295e-05 
0.0019168645 0.0018340731 0.00050764006 0.00022483074 0.0022714684 -0.00010463209 
0.00052174172 1.0462789e-05 -7.206668e-05 0.00029405081 -0.0042496492 -3.4806195e-06 
0.00051597089 0.00054667897 -0.0034955592 0.00072867424 0.0038081849 7.484331e-05 
-0.0020108333 -0.0019630194 0.0005332918 -0.00023264431 -0.0028829911 6.8497743e-05 
-0.00016781906 -0.00047488651 -0.0044649265 0.00061898274 0.00040542391 0.00014125831 
0.00077622266 0.0011683987 0.0029709379 -0.00047094799 -0.00082008514 -0.0003051947 
-0.0001959333 0.00049095466 0.0031495368 -0.0008397731 0.0022145572 0.00023355899 
0.0014969027 0.0011349768 -0.0031771732 0.0002898025 0.00030540603 -1.50234e-05 
-0.0015521244 -0.0010255165 0.0048125807 -0.00093802399 0.00044015402 -0.0001219051 
-0.00015439033 -0.00015591045 0.0010828539 7.5296342e-05 -0.0012012482 -9.8900921e-05 
0.001121186 0.00096188103 -0.0012351307 0.00049066318 -0.0031832706 0.00021361969 
0.0030255468 0.0014480807 0.0011591775 -0.00039106631 0.0015084593 -0.00010031294 
0.0022880244 0.0021410801 0.0010826246 -0.00031952605 -0.0025075221 1.5675939e-05 
0.0013781727 -0.00027767606 -0.00063440312 0.00044312365 -0.00063160946 -7.8988889e-05 
-0.00017571527 -0.0013813213 -0.0030878003 0.0007789971 -0.00098814331 -2.867423e-05 
0.0028256294 0.0013988923 -6.0824314e-05 0.00023447979 -0.00049607199 3.7123146e-05 
0.00038649824 0.00026378039 0.0024115148 -0.00046909421 0.00073913722 0.00029714146 
0.0017654828 0.00043462392 0.0023930102 -0.00033473109 0.0019074743 -0.00021996338 
-0.00047326089 -0.00057325222 -0.0047884621 0.0009598333 -0.0021149762 -0.00013810563 
-0.00032498671 0.00038006337 0.002049178 -0.00022483568 -0.0018155912 -0.00029730894 
-0.0011528635 -0.00080422998 -0.0035997618 0.00041780689 -0.0014451376 -0.000195135 
0.0022253508 0.00038281217 0.00052801115 0.00013664467 0.00034742032 0.00020245009 
0.0020875323 0.0013963684 -0.0006314827 -6.5031827e-05 -0.0013935822 7.4917888e-05 
0.00049751255 0.00094359166 -0.00064396427 0.00040916732 -0.0021418213 0.00011137807 
9.2523375e-05 -0.00025879228 0.00052239177 0.00040317011 -0.0011119952 -0.00016680618 
-0.00057366452 -0.00092252438 -0.0019731685 0.00040899656 -0.0049773476 -0.00011273895 
0.0003100625 0.0001228258 0.002353981 -7.988728e-05 -0.002743323 1.6003005e-05 
0.00088195252 -0.00099183998 -0.0014792693 0.00027883152 -0.00085824013 -0.00015057681 
0.00040348267 0.00029632566 -0.0017678114 0.000537011 0.0014650268 0.00036203237 
0.0015327116 0.0011948599 -0.0045577916 0.00092971593 0.0013281129 -0.00014246597 
-0.0011941999 0.00039498205 -0.001822066 0.0003234107 -0.0021480657 0.00023884987 
-0.00096722983 0.00061045601 0.0027088748 -0.00025056128 -0.00137648 4.6256384e-05 
-3.6452553e-05 0.00085124869 0.001437698 -0.00041437531 0.0015223386 -6.2284068e-05 
0.0014473218 0.0010225554 0.0016879332 -0.00038696929 -0.0021200906 0.00034519957 
0.00012406818 0.0010119788 0.00067403684 -3.0315141e-05 0.0034906622 -0.00010348721 
0.00065448764 0.00055381835 0.0050373164 -0.00087092214 -0.002134508 7.4567942e-06 
0.00094182409 0.0010242468 -0.00097047237 0.00019439715 0.0013874189 -2.1695407e-05 
0.0013487033 0.0011704687 -0.0036207788 0.00076580297 0.0021029619 0.00016662972 
0.0015369353 0.00023740196 -0.00093052158 0.000590706 -0.00089571712 -9.738502e-05 
-0.00088549679 -0.00070880261 -0.001744765 0.00054153623 0.0039925082 7.3767503e-05 
-0.0016135439 -0.00020744931 -0.0015027405 0.00034543887 0.0042225964 -0.00019462222 
0.00073996512 0.00021379263 0.004330346 -0.00070499661 -0.0014913412 -0.00011418464 
0.0017668442 0.0010995558 0.0027460865 -0.00047437165 0.00073411259 -0.00017943721 
-0.00043750055 5.6623762e-05 0.00057440716 -0.00037952955 0.00054900722 0.00033407411 
0.0022111437 0.0017751598 -0.001084179 0.0002080774 0.0021295646 -3.8987938e-05 
-0.0002128088 0.0010942331 -0.001237426 0.0002764522 -0.0031158717 -4.6300485e-05 
0.0009489593 -0.00057861308 0.0022287772 -0.00023861107 -0.00041465665 -0.00024300697 
-0.0012128545 -0.00086258389 0.00061695353 -0.00032152482 0.0040811785 0.00016474147 
-0.00104061 -0.00081092777 0.0019258501 -0.00030138339 0.0038198906 2.953928e-05 
-0.001068896 -0.0020088077 -0.0016747352 0.00042351134 1.6075848e-05 -9.8337796e-05 
-0.000409659 -0.00053764813 0.0020477491 -0.00022574697 -0.00099149127 -0.00033446908 
-0.0010980595 -0.00056054648 0.00097090136 8.1477621e-05 -0.0016779046 0.00038192032 
0.0012960344 3.6666467e-05 -0.0034073335 0.00095206228 0.00020741797 5.9887412e-05 
-0.0032084093 -0.0015123589 0.0029264362 -0.00060744975 -0.00018802571 1.3413753e-05 
-0.00027276872 -0.00075184984 -0.001963683 0.00057103005 0.0039211585 3.6054738e-05 
-0.0027095624 -0.0013822057 -0.00080065953 -0.00017887031 -0.00093953841 0.00018722001 
-7.3299385e-05 4.3210357e-05 0.00064568859 -0.00054736053 -0.00057173775 0.00022442848 
0.001463026 0.000704232 6.5528229e-05 -0.00026263416 -4.648086e-05 -0.00021991601 
-1.1652842e-05 -0.00074772028 -0.00031242576 -9.5311892e-05 -0.0017972705 -0.00030924979 
0.0019233543 0.00064400675 0.0043495685 -0.00088570834 -0.0013829983 -2.7514078e-05 
-0.0011336298 -0.0010846924 0.0023319587 -4.4357414e-05 -0.0022029081 0.0001397938 
0.002871139 0.0022565973 0.0012082589 -0.00036694502 -0.00055862678 -0.00021815129 
0.00088190146 0.00055772514 0.0026625702 -0.00054969736 0.0027077092 -8.1598106e-05 
-0.0019183307 -0.002164713 0.0021885334 -0.00042481531 0.0026730017 0.00013009347 
-0.001399144 -0.0012699224 -0.0017235708 0.00047854397 -0.0027262604 2.2347836e-05 
0.00048356999 0.00042235651 0.0049380127 -0.0010608318 -0.0002874966 2.3737025e-05 
0.001180957 0.00077358843 0.00019890248 0.00023155051 0.0012565033 -0.00028569305 
0.00050031977 0.0013754559 -1.3354194e-05 0.00021086874 0.0005893554 -0.00029260814 
-0.003172599 -0.002318018 0.002711484 -0.00068711001 0.0006041252 -3.0454516e-05 
5.8606218e-05 -0.00071357114 -0.0027218561 0.00061535359 -0.0017689723 8.7836968e-05 
-0.00077417229 -0.00013130521 0.0040703138 -0.00061764645 0.00022963149 0.00015309172 
1.8650756e-05 -0.0011224664 0.0014502898 7.6808638e-06 -0.00048529692 -8.2100488e-05 
0.0016007382 0.0019858772 -0.0019514185 0.00021657476 0.0012562028 -0.00017286095 
-0.00099250477 0.00086434558 0.00028871148 0.00017200254 0.001276515 -8.3604914e-05 
-0.0018794701 -0.00014790071 -0.00024683815 0.00026360633 -0.0012315031 -0.00024914415 
-0.0022655928 -0.00041651491 0.0020483227 -0.0002703055 -0.002631396 7.4821039e-05 
0.00039315323 0.0011526572 -0.0003392945 -0.00021987621 -0.0012821744 0.00029347383 
0.0020737019 0.002079693 -0.0009708904 -1.6727675e-06 -0.00029955037 -0.00027026858 
0.0014172698 0.00073749427 7.2462465e-05 -0.00026642121 0.0043792827 0.00012019759 
0.00087171877 -0.0004213352 0.00067577279 0.00011722942 0.0039047685 -0.00011202955 
-0.0017411132 -0.0023927297 -0.00039923478 0.0003664513 -0.00017817916 -9.5150295e-05 
0.00052036646 0.0001137944 -0.00049601717 0.00058118833 -0.0012541071 0.00018445927 
0.00041088121 0.00019316893 -0.0037758248 0.00050315376 0.001781333 4.2311272e-05 
-0.00072319691 -0.00016859181 1.7197406e-05 2.2392704e-05 -0.0012629851 3.8630745e-05 
0.001050289 -0.00010052088 0.0030832773 -0.00076769505 0.0023092127 -0.0001597526 
0.0012538521 0.0014397647 0.0017148264 -0.00048485389 -0.0030770156 0.00019871814 
-0.0015464231 -0.00076130905 -0.00035170411 0.0004528238 0.0010641234 -0.00011770714 
0.00043885927 0.00082007832 -0.00095078473 -0.00016199931 -0.0030250074 1.2606026e-05 
0.0014304929 0.0007873227 0.0030315688 -0.00031971593 0.0015980034 5.3655302e-05 
-0.0011099979 0.00016328147 -0.0024692106 0.00064455723 -0.001512087 -0.00015269259 
-0.001117857 -2.7764974e-06 -0.00075483116 -4.8501005e-05 -0.0025269281 5.2214666e-05 
0.002262115 0.00045887834 -0.0032080736 0.00071064643 0.0006355354 -2.3818171e-05 
0.00060412247 0.00062093456 0.0012667271 -0.00061115416 -0.0016245918 0.00020148535 
-0.00031327694 -0.00091736285 -0.001019746 -0.00019262988 0.0023268823 -1.1921196e-05 
0.0001208825 -0.00030240082 0.0016842788 -0.00038164341 -0.0019493424 -0.00028064063 
-0.0011614967 -0.0021247018 -0.0022672603 0.00027087943 -0.0024251623 0.00012325138 
0.00010296796 -0.0003476244 0.00064107452 0.00016996954 -0.0022476615 0.00020659182 
-0.0016870648 -0.00012331536 0.0021806685 -0.00049331292 -0.0009173694 4.3974146e-05 
0.0010144411 -1.1844574e-05 -0.0030497601 0.00077054865 0.00018665605 -8.860172e-05 
-0.0025469431 -0.0010782841 -0.00052019566 1.6812932e-05 -0.00059343891 -0.00021190328 
0.00095150169 0.00019661718 0.0015672127 -3.989915e-06 0.0041976421 -0.0001503789 
0.00034148413 -0.00037016003 -0.0011425001 0.00047462422 0.002963275 0.00018323234 
-0.0022299541 -0.00051905912 -0.00030588173 9.8160783e-05 -0.0037068379 0.00018847892 
0.0017794943 0.00016835257 -0.00052556809 0.00019015624 0.00018791571 -2.1209899e-05 
0.0025785296 0.00062316074 -0.00024491222 0.00012148423 -0.001006107 -3.1411836e-06 
-0.00060771711 -0.0016920244 -0.0030440143 0.00052649546 -0.0018306278 -9.3058488e-05 
-0.00059327771 0.00010254759 0.00073327213 -4.0983604e-05 0.0045351245 -0.00024429248 
-6.8919969e-05 0.00039973003 -0.0012555398 0.0003157413 0.00044698335 -0.00014478623 
0.00052700248 0.00025735083 0.0024793337 -0.00044592059 -0.0037477862 -0.00012809784 
0.00043195419 0.00068918605 -0.0017629265 0.00062201883 0.0030253823 -0.00018764586 
-0.0010965519 -0.00092732491 -0.00037180918 0.00034165417 0.0045815875 -0.00018276256 
-0.0024015615 -0.0015742061 0.0024689217 -0.00055904201 -0.0010940014 -8.6471894e-05 
-0.00066190457 0.00056261324 0.0016245653 -1.5697297e-05 0.0017778693 -7.45466e-05 
0.00087101043 0.00022580952 0.00037300329 -0.00045141926 0.0036702579 -3.1228587e-05 
-0.0023041961 -0.0020383804 0.00064802655 5.8508302e-05 -0.00010445287 -5.3314451e-05 
0.001233026 0.0007168656 -0.00026862474 0.00013851173 -0.0052542975 0.00019520599 
-0.0015172843 -5.7262515e-05 -0.0031032902 0.00056908206 -5.2399773e-05 -0.00026990683 
